Id	Style	Refresh	TriggerRules	InitialEventId	RandomProbability	IsShowFightAbility
int	int	int	int	int	mut,int#int,2	mut,int#int,1
1	5	0	0	0	null	null
2	5	0	0	0	null	null
3	5	0	0	0	null	null
4	5	0	0	0	null	null
5	5	0	0	0	null	null
6	5	0	0	0	null	null
7	5	0	0	0	null	null
8	5	0	0	0	null	null
9	5	0	0	0	null	null
10	5	0	0	0	null	null
11	5	0	0	0	null	null
12	5	0	0	0	null	null
12001	0	0	0	0	null	null
12002	0	0	0	0	null	null
100001	0	0	0	0	null	null
100002	0	0	0	0	null	null
100003	0	0	0	0	null	null
100004	0	0	0	0	null	null
100005	0	0	0	0	null	null
100006	0	0	0	0	null	null
100007	0	0	0	0	null	null
100008	0	0	0	0	null	null
101001	0	0	0	0	null	null
101002	0	0	0	0	null	null
101003	0	0	0	0	null	null
101004	0	0	0	0	null	null
101005	0	0	0	0	null	null
101006	0	0	0	0	null	null
101007	0	0	0	0	null	null
101008	0	0	0	0	null	null
101009	0	0	0	0	null	null
101010	0	0	0	0	null	null
101011	0	0	0	0	null	null
101012	0	0	0	0	null	null
101013	0	0	0	0	null	null
101014	0	0	0	0	null	null
101015	0	0	0	0	null	null
101016	0	0	0	0	null	null
101017	0	0	0	0	null	null
101018	0	0	0	0	null	null
101019	0	0	0	0	null	null
101020	0	0	0	0	null	null
101021	0	0	0	0	null	null
101022	0	0	0	0	null	null
101023	0	0	0	0	null	null
102001	0	0	0	0	null	null
102002	0	0	0	0	null	null
102003	0	0	0	0	null	null
102004	0	0	0	0	null	null
102005	0	0	0	0	null	null
102006	0	0	0	0	null	null
102007	0	0	0	0	null	null
102008	0	0	0	0	null	null
102009	0	0	0	0	null	null
102010	0	0	0	0	null	null
102011	0	0	0	0	null	null
102012	0	0	0	0	null	null
102013	0	0	0	0	null	null
102014	0	0	0	0	null	null
102015	0	0	0	0	null	null
102016	0	0	0	0	null	null
102017	0	0	0	0	null	null
103001	0	0	0	0	null	null
103002	0	0	0	0	null	null
103003	0	0	0	0	null	null
103004	0	0	0	0	null	null
103005	0	0	0	0	null	null
103006	0	0	0	0	null	null
103007	0	0	0	0	null	null
103008	0	0	0	0	null	null
103009	0	0	0	0	null	null
103010	0	0	0	0	null	null
103011	0	0	0	0	null	null
103012	0	0	0	0	null	null
103013	0	0	0	0	null	null
103014	0	0	0	0	null	null
103015	0	0	0	0	null	null
103016	0	0	0	0	null	null
103017	0	0	0	0	null	null
104001	0	0	0	0	null	null
104002	0	0	0	0	null	null
104003	0	0	0	0	null	null
104004	0	0	0	0	null	null
104005	0	0	0	0	null	null
104006	0	0	0	0	null	null
104007	0	0	0	0	null	null
104008	0	0	0	0	null	null
104009	0	0	0	0	null	null
104010	0	0	0	0	null	null
104011	0	0	0	0	null	null
104012	0	0	0	0	null	null
104013	0	0	0	0	null	null
105001	0	0	0	0	null	null
105002	0	0	0	0	null	null
105003	0	0	0	0	null	null
105004	0	0	0	0	null	null
105005	0	0	0	0	null	null
105006	0	0	0	0	null	null
105007	0	0	0	0	null	null
105008	0	0	0	0	null	null
105009	0	0	0	0	null	null
105010	0	0	0	0	null	null
105011	0	0	0	0	null	null
105012	0	0	0	0	null	null
105013	0	0	0	0	null	null
105014	0	0	0	0	null	null
105015	0	0	0	0	null	null
105016	0	0	0	0	null	null
105017	0	0	0	0	null	null
105018	0	0	0	0	null	null
105019	0	0	0	0	null	null
105020	0	0	0	0	null	null
105021	0	0	0	0	null	null
106001	0	0	0	0	null	null
106002	0	0	0	0	null	null
106003	0	0	0	0	null	null
106004	0	0	0	0	null	null
106005	0	0	0	0	null	null
106006	0	0	0	0	null	null
106007	0	0	0	0	null	null
106008	0	0	0	0	null	null
106009	0	0	0	0	null	null
106010	0	0	0	0	null	null
106011	0	0	0	0	null	null
106012	0	0	0	0	null	null
106013	0	0	0	0	null	null
106014	0	0	0	0	null	null
106015	0	0	0	0	null	null
106016	0	0	0	0	null	null
106017	0	0	0	0	null	null
106018	0	0	0	0	null	null
106019	0	0	0	0	null	null
106020	0	0	0	0	null	null
107001	0	0	0	0	null	null
107002	0	0	0	0	null	null
107003	0	0	0	0	null	null
107004	0	0	0	0	null	null
107005	0	0	0	0	null	null
107006	0	0	0	0	null	null
107007	0	0	0	0	null	null
107008	0	0	0	0	null	null
107009	0	0	0	0	null	null
107010	0	0	0	0	null	null
107011	0	0	0	0	null	null
107012	0	0	0	0	null	null
107013	0	0	0	0	null	null
107014	0	0	0	0	null	null
107015	0	0	0	0	null	null
107016	0	0	0	0	null	null
107017	0	0	0	0	null	null
107018	0	0	0	0	null	null
107019	0	0	0	0	null	null
107020	0	0	0	0	null	null
107021	0	0	0	0	null	null
108001	0	0	0	0	null	null
108002	0	0	0	0	null	null
108003	0	0	0	0	null	null
108004	0	0	0	0	null	null
108005	0	0	0	0	null	null
108006	0	0	0	0	null	null
108007	0	0	0	0	null	null
108008	0	0	0	0	null	null
108009	0	0	0	0	null	null
108010	0	0	0	0	null	null
108011	0	0	0	0	null	null
108012	0	0	0	0	null	null
108013	0	0	0	0	null	null
108014	0	0	0	0	null	null
108015	0	0	0	0	null	null
108016	0	0	0	0	null	null
108017	0	0	0	0	null	null
108018	0	0	0	0	null	null
109001	0	0	0	0	null	null
109002	0	0	0	0	null	null
109003	0	0	0	0	null	null
109004	0	0	0	0	null	null
109005	0	0	0	0	null	null
109006	0	0	0	0	null	null
109007	0	0	0	0	null	null
109008	0	0	0	0	null	null
109009	0	0	0	0	null	null
109010	0	0	0	0	null	null
109011	0	0	0	0	null	null
109012	0	0	0	0	null	null
109013	0	0	0	0	null	null
109014	0	0	0	0	null	null
109015	0	0	0	0	null	null
109016	0	0	0	0	null	null
109017	0	0	0	0	null	null
109018	0	0	0	0	null	null
109019	0	0	0	0	null	null
109020	0	0	0	0	null	null
109021	0	0	0	0	null	null
109022	0	0	0	0	null	null
109023	0	0	0	0	null	null
109024	0	0	0	0	null	null
109025	0	0	0	0	null	null
109026	0	0	0	0	null	null
109027	0	0	0	0	null	null
109028	0	0	0	0	null	null
109029	0	0	0	0	null	null
109030	0	0	0	0	null	null
109031	0	0	0	0	null	null
109032	0	0	0	0	null	null
109033	0	0	0	0	null	null
109034	0	0	0	0	null	null
109035	0	0	0	0	null	null
109036	0	0	0	0	null	null
109037	0	0	0	0	null	null
110001	0	0	0	0	null	null
110002	0	0	0	0	null	null
110005	0	0	0	0	null	null
110006	0	0	0	0	null	null
110007	0	0	0	0	null	null
110008	0	0	0	0	null	null
110009	0	0	0	0	null	null
110010	0	0	0	0	null	null
110011	0	0	0	0	null	null
110012	0	0	0	0	null	null
110013	0	0	0	0	null	null
110014	0	0	0	0	null	null
110015	0	0	0	0	null	null
110016	0	0	0	0	null	null
110017	0	0	0	0	null	null
110018	0	0	0	0	null	null
110019	0	0	0	0	null	null
110020	0	0	0	0	null	null
111001	0	0	0	0	null	null
111002	0	0	0	0	null	null
111003	0	0	0	0	null	null
111004	0	0	0	0	null	null
111005	0	0	0	0	null	null
111006	0	0	0	0	null	null
111007	0	0	0	0	null	null
111008	0	0	0	0	null	null
111009	0	0	0	0	null	null
111010	0	0	0	0	null	null
111011	0	0	0	0	null	null
111012	0	0	0	0	null	null
111013	0	0	0	0	null	null
111014	0	0	0	0	null	null
112001	0	0	0	0	null	null
112002	0	0	0	0	null	null
112003	0	0	0	0	null	null
112004	0	0	0	0	null	null
112005	0	0	0	0	null	null
112006	0	0	0	0	null	null
112007	0	0	0	0	null	null
112008	0	0	0	0	null	null
112009	0	0	0	0	null	null
112010	0	0	0	0	null	null
112011	0	0	0	0	null	null
112012	0	0	0	0	null	null
112013	0	0	0	0	null	null
112014	0	0	0	0	null	null
112015	0	0	0	0	null	null
112016	0	0	0	0	null	null
112017	0	0	0	0	null	null
113001	0	0	0	0	null	null
113002	0	0	0	0	null	null
113003	0	0	0	0	null	null
113004	0	0	0	0	null	null
113005	0	0	0	0	null	null
113006	0	0	0	0	null	null
113007	0	0	0	0	null	null
113008	0	0	0	0	null	null
113009	0	0	0	0	null	null
113010	0	0	0	0	null	null
113011	0	0	0	0	null	null
113012	0	0	0	0	null	null
113013	0	0	0	0	null	null
113014	0	0	0	0	null	null
114001	0	0	0	0	null	null
114002	0	0	0	0	null	null
114003	0	0	0	0	null	null
114004	0	0	0	0	null	null
114005	0	0	0	0	null	null
114006	0	0	0	0	null	null
114007	0	0	0	0	null	null
114008	0	0	0	0	null	null
114009	0	0	0	0	null	null
114010	0	0	0	0	null	null
115001	0	0	0	0	null	null
115002	0	0	0	0	null	null
115003	0	0	0	0	null	null
115004	0	0	0	0	null	null
115005	0	0	0	0	null	null
115006	0	0	0	0	null	null
115007	0	0	0	0	null	null
115008	0	0	0	0	null	null
115009	0	0	0	0	null	null
115010	0	0	0	0	null	null
115011	0	0	0	0	null	null
115012	0	0	0	0	null	null
115013	0	0	0	0	null	null
115014	0	0	0	0	null	null
115015	0	0	0	0	null	null
116001	0	0	0	0	null	null
116002	0	0	0	0	null	null
116003	0	0	0	0	null	null
116004	0	0	0	0	null	null
116005	0	0	0	0	null	null
116006	0	0	0	0	null	null
116007	0	0	0	0	null	null
116008	0	0	0	0	null	null
116009	0	0	0	0	null	null
116010	0	0	0	0	null	null
116011	0	0	0	0	null	null
116012	0	0	0	0	null	null
116013	0	0	0	0	null	null
116014	0	0	0	0	null	null
116015	0	0	0	0	null	null
116016	0	0	0	0	null	null
116017	0	0	0	0	null	null
116018	0	0	0	0	null	null
117001	0	0	0	0	null	null
117002	0	0	0	0	null	null
117003	0	0	0	0	null	null
117004	0	0	0	0	null	null
117005	0	0	0	0	null	null
117006	0	0	0	0	null	null
117007	0	0	0	0	null	null
117008	0	0	0	0	null	null
117009	0	0	0	0	null	null
117010	0	0	0	0	null	null
117011	0	0	0	0	null	null
117012	0	0	0	0	null	null
117013	0	0	0	0	null	null
117014	0	0	0	0	null	null
117015	0	0	0	0	null	null
117016	0	0	0	0	null	null
117017	0	0	0	0	null	null
118001	0	0	0	0	null	null
118002	0	0	0	0	null	null
118003	0	0	0	0	null	null
118004	0	0	0	0	null	null
118005	0	0	0	0	null	null
118006	0	0	0	0	null	null
118007	0	0	0	0	null	null
118008	0	0	0	0	null	null
118009	0	0	0	0	null	null
118010	0	0	0	0	null	null
118011	0	0	0	0	null	null
118012	0	0	0	0	null	null
118013	0	0	0	0	null	null
119001	0	0	0	0	null	null
119002	0	0	0	0	null	null
119003	0	0	0	0	null	null
119004	0	0	0	0	null	null
119005	0	0	0	0	null	null
119006	0	0	0	0	null	null
119007	0	0	0	0	null	null
119008	0	0	0	0	null	null
119009	0	0	0	0	null	null
119010	0	0	0	0	null	null
119011	0	0	0	0	null	null
119012	0	0	0	0	null	null
119013	0	0	0	0	null	null
119014	0	0	0	0	null	null
119015	0	0	0	0	null	null
119016	0	0	0	0	null	null
119017	0	0	0	0	null	null
120001	0	0	0	0	null	null
120002	0	0	0	0	null	null
120003	0	0	0	0	null	null
120004	0	0	0	0	null	null
120005	0	0	0	0	null	null
120006	0	0	0	0	null	null
120007	0	0	0	0	null	null
120008	0	0	0	0	null	null
120009	0	0	0	0	null	null
120010	0	0	0	0	null	null
120011	0	0	0	0	null	null
120012	0	0	0	0	null	null
120013	0	0	0	0	null	null
120014	0	0	0	0	null	null
120015	0	0	0	0	null	null
120016	0	0	0	0	null	null
120017	0	0	0	0	null	null
120018	0	0	0	0	null	null
120019	0	0	0	0	null	null
201001	0	0	0	0	null	null
201002	0	0	0	0	null	null
201003	8	0	0	0	null	null
202001	0	0	0	0	null	null
202002	0	0	0	0	null	null
202003	0	0	0	0	null	null
203001	0	0	0	0	null	null
203002	0	0	0	0	null	null
203003	0	0	0	0	null	null
203004	0	0	0	0	null	null
204001	0	0	0	0	null	null
204002	0	0	0	0	null	null
204003	0	0	0	0	null	null
204004	0	0	0	0	null	null
205001	0	0	0	0	null	null
205002	0	0	0	0	null	null
205003	0	0	0	0	null	null
205004	0	0	0	0	null	null
205005	0	0	0	0	null	null
206001	0	0	0	0	null	null
206002	0	0	0	0	null	null
206003	0	0	0	0	null	null
206004	0	0	0	0	null	null
207001	0	0	0	0	null	null
207002	0	0	0	0	null	null
207003	0	0	0	0	null	null
207004	0	0	0	0	null	null
207005	0	0	0	0	null	null
208001	0	0	0	0	null	null
208002	0	0	0	0	null	null
208003	0	0	0	0	null	null
209001	0	0	0	0	null	null
209002	0	0	0	0	null	null
209003	0	0	0	0	null	null
209004	0	0	0	0	null	null
210001	0	0	0	0	null	null
210002	0	0	0	0	null	null
210003	0	0	0	0	null	null
210004	0	0	0	0	null	null
210005	0	0	0	0	null	null
211001	0	0	0	0	null	null
211002	0	0	0	0	null	null
211003	0	0	0	0	null	null
211004	0	0	0	0	null	null
212001	0	0	0	0	null	null
212002	0	0	0	0	null	null
212003	0	0	0	0	null	null
212004	0	0	0	0	null	null
213001	0	0	0	0	null	null
213002	0	0	0	0	null	null
213003	0	0	0	0	null	null
214001	0	0	0	0	null	null
214002	0	0	0	0	null	null
214003	0	0	0	0	null	null
214004	0	0	0	0	null	null
214005	0	0	0	0	null	null
215001	0	0	0	0	null	null
215002	0	0	0	0	null	null
215003	0	0	0	0	null	null
215004	0	0	0	0	null	null
3001001	0	0	0	0	null	null
3001002	0	0	0	0	null	null
3001003	0	0	0	0	null	null
3001004	0	0	0	0	null	null
3001005	0	0	0	0	null	null
3001006	0	0	0	0	null	null
3001007	0	0	0	0	null	null
3001008	0	0	0	0	null	null
3001009	0	0	0	0	null	null
3001010	0	0	0	0	null	null
3002001	0	0	0	0	null	null
3002002	0	0	0	0	null	null
3002003	0	0	0	0	null	null
3002004	0	0	0	0	null	null
3002005	0	0	0	0	null	null
3002006	0	0	0	0	null	null
3002007	0	0	0	0	null	null
3002008	0	0	0	0	null	null
3002009	0	0	0	0	null	null
3002010	0	0	0	0	null	null
3003001	0	0	0	0	null	null
3003002	0	0	0	0	null	null
3003003	0	0	0	0	null	null
3003004	0	0	0	0	null	null
3003005	0	0	0	0	null	null
3003006	0	0	0	0	null	null
3003007	0	0	0	0	null	null
3003008	0	0	0	0	null	null
3003009	0	0	0	0	null	null
3003010	0	0	0	0	null	null
3004001	0	0	0	0	null	null
3004002	0	0	0	0	null	null
3004003	0	0	0	0	null	null
3004004	0	0	0	0	null	null
3004005	0	0	0	0	null	null
3004006	0	0	0	0	null	null
3004007	0	0	0	0	null	null
3004008	0	0	0	0	null	null
3004009	0	0	0	0	null	null
3004010	0	0	0	0	null	null
3011001	0	0	0	0	null	null
3011002	0	0	0	0	null	null
3011003	0	0	0	0	null	null
3011004	0	0	0	0	null	null
3011005	0	0	0	0	null	null
3011006	0	0	0	0	null	null
3011007	0	0	0	0	null	null
3011008	0	0	0	0	null	null
3011009	0	0	0	0	null	null
3011010	0	0	0	0	null	null
3011011	0	0	0	0	null	null
3011012	0	0	0	0	null	null
3012001	0	0	0	0	null	null
3012002	0	0	0	0	null	null
3012003	0	0	0	0	null	null
3012004	0	0	0	0	null	null
3012005	0	0	0	0	null	null
3012006	0	0	0	0	null	null
3012007	0	0	0	0	null	null
3012008	0	0	0	0	null	null
3012009	0	0	0	0	null	null
3012010	0	0	0	0	null	null
3012011	0	0	0	0	null	null
3012012	0	0	0	0	null	null
3013001	0	0	0	0	null	null
3013002	0	0	0	0	null	null
3013003	0	0	0	0	null	null
3013004	0	0	0	0	null	null
3013005	0	0	0	0	null	null
3013006	0	0	0	0	null	null
3013007	0	0	0	0	null	null
3013008	0	0	0	0	null	null
3013009	0	0	0	0	null	null
3013010	0	0	0	0	null	null
3013011	0	0	0	0	null	null
3013012	0	0	0	0	null	null
3014001	0	0	0	0	null	null
3014002	0	0	0	0	null	null
3014003	0	0	0	0	null	null
3014004	0	0	0	0	null	null
3014005	0	0	0	0	null	null
3014006	0	0	0	0	null	null
3014007	0	0	0	0	null	null
3014008	0	0	0	0	null	null
3014009	0	0	0	0	null	null
3014010	0	0	0	0	null	null
3014011	0	0	0	0	null	null
3014012	0	0	0	0	null	null
3021001	0	0	0	0	null	null
3021002	0	0	0	0	null	null
3021003	0	0	0	0	null	null
3021004	0	0	0	0	null	null
3021005	0	0	0	0	null	null
3021006	0	0	0	0	null	null
3021007	0	0	0	0	null	null
3021008	0	0	0	0	null	null
3021009	0	0	0	0	null	null
3021010	0	0	0	0	null	null
3021011	0	0	0	0	null	null
3021012	0	0	0	0	null	null
3021013	0	0	0	0	null	null
3021014	0	0	0	0	null	null
3021015	0	0	0	0	null	null
3021016	0	0	0	0	null	null
3021017	0	0	0	0	null	null
3021018	0	0	0	0	null	null
3021019	0	0	0	0	null	null
3021020	0	0	0	0	null	null
3022001	0	0	0	0	null	null
3022002	0	0	0	0	null	null
3022003	0	0	0	0	null	null
3022004	0	0	0	0	null	null
3022005	0	0	0	0	null	null
3022006	0	0	0	0	null	null
3022007	0	0	0	0	null	null
3022008	0	0	0	0	null	null
3022009	0	0	0	0	null	null
3022010	0	0	0	0	null	null
3022011	0	0	0	0	null	null
3022012	0	0	0	0	null	null
3022013	0	0	0	0	null	null
3022014	0	0	0	0	null	null
3022015	0	0	0	0	null	null
3022016	0	0	0	0	null	null
3022017	0	0	0	0	null	null
3022018	0	0	0	0	null	null
3022019	0	0	0	0	null	null
3022020	0	0	0	0	null	null
3023001	0	0	0	0	null	null
3023002	0	0	0	0	null	null
3023003	0	0	0	0	null	null
3023004	0	0	0	0	null	null
3023005	0	0	0	0	null	null
3023006	0	0	0	0	null	null
3023007	0	0	0	0	null	null
3023008	0	0	0	0	null	null
3023009	0	0	0	0	null	null
3023010	0	0	0	0	null	null
3023011	0	0	0	0	null	null
3023012	0	0	0	0	null	null
3023013	0	0	0	0	null	null
3023014	0	0	0	0	null	null
3023015	0	0	0	0	null	null
3023016	0	0	0	0	null	null
3023017	0	0	0	0	null	null
3023018	0	0	0	0	null	null
3023019	0	0	0	0	null	null
3023020	0	0	0	0	null	null
3024001	0	0	0	0	null	null
3024002	0	0	0	0	null	null
3024003	0	0	0	0	null	null
3024004	0	0	0	0	null	null
3024005	0	0	0	0	null	null
3024006	0	0	0	0	null	null
3024007	0	0	0	0	null	null
3024008	0	0	0	0	null	null
3024009	0	0	0	0	null	null
3024010	0	0	0	0	null	null
3024011	0	0	0	0	null	null
3024012	0	0	0	0	null	null
3024013	0	0	0	0	null	null
3024014	0	0	0	0	null	null
3024015	0	0	0	0	null	null
3024016	0	0	0	0	null	null
3024017	0	0	0	0	null	null
3024018	0	0	0	0	null	null
3024019	0	0	0	0	null	null
3024020	0	0	0	0	null	null
3031001	0	0	0	0	null	null
3031002	0	0	0	0	null	null
3031003	0	0	0	0	null	null
3031004	0	0	0	0	null	null
3031005	0	0	0	0	null	null
3031006	0	0	0	0	null	null
3031007	0	0	0	0	null	null
3031009	0	0	0	0	null	null
3031010	0	0	0	0	null	null
3031011	0	0	0	0	null	null
3031012	0	0	0	0	null	null
3032001	0	0	0	0	null	null
3032002	0	0	0	0	null	null
3032003	0	0	0	0	null	null
3032004	0	0	0	0	null	null
3032005	0	0	0	0	null	null
3032006	0	0	0	0	null	null
3032007	0	0	0	0	null	null
3032009	0	0	0	0	null	null
3032010	0	0	0	0	null	null
3032011	0	0	0	0	null	null
3032012	0	0	0	0	null	null
3033001	0	0	0	0	null	null
3033002	0	0	0	0	null	null
3033003	0	0	0	0	null	null
3033004	0	0	0	0	null	null
3033005	0	0	0	0	null	null
3033006	0	0	0	0	null	null
3033007	0	0	0	0	null	null
3033009	0	0	0	0	null	null
3033010	0	0	0	0	null	null
3033011	0	0	0	0	null	null
3033012	0	0	0	0	null	null
3034001	0	0	0	0	null	null
3034002	0	0	0	0	null	null
3034003	0	0	0	0	null	null
3034004	0	0	0	0	null	null
3034005	0	0	0	0	null	null
3034006	0	0	0	0	null	null
3034007	0	0	0	0	null	null
3034009	0	0	0	0	null	null
3034010	0	0	0	0	null	null
3034011	0	0	0	0	null	null
3034012	0	0	0	0	null	null
4001001	5	3	2	4001001	null	40111
4001002	5	3	2	4001005	null	40110
4001003	5	3	2	4001140	null	40133
4001004	10	3	1	4001009	null	40112
4001005	5	3	2	4001011	null	40113
4001006	5	3	2	4001013	null	null
4001007	5	3	2	4001015	null	null
4001008	7	3	2	4001112	null	null
4001009	7	3	2	4001116	null	null
4001010	5	3	2	4001021	null	null
4001011	5	3	2	4001102	null	null
4001012	10	3	1	4001023	null	null
4001013	10	3	1	4001104	null	null
4001014	10	3	1	4001106	null	null
4001015	10	3	1	4001108	null	null
4001016	5	3	2	4001025	null	null
4001017	5	3	2	4001039	null	null
4001018	5	3	2	4001047	null	40115
4001019	5	3	2	4001053	null	40134
4001020	5	3	2	4001057	null	40102#40116#40117#40118
4001021	5	3	2	4001066	null	null
4001022	5	3	2	4001082	null	40122#40123
4001023	1	3	1	4001110	null	40101
4001024	1	3	1	4001111	null	40124
4001025	7	3	2	4001017	null	null
4001026	7	3	2	4001019	null	null
4001027	8	0	0	0	null	null
4001028	5	3	2	4001031	null	null
4001029	5	3	2	4001044	null	40114
4001030	10	3	1	4001122	null	40129
4001031	10	3	1	4001124	null	40130
4001032	10	3	1	4001126	null	40131
4001033	10	3	1	4001128	null	40132
4001034	1	3	1	4001132	null	40102
4001035	1	3	1	4001133	null	40103
4001036	1	3	1	4001134	null	40104
4001037	1	3	1	4001135	null	40105
4001038	1	3	1	4001136	null	40125
4001039	1	3	1	4001137	null	40126
4001040	1	3	1	4001138	null	40127
4001041	1	3	1	4001139	null	40128
4002001	5	3	2	4002001	null	50111
4002002	5	3	2	4002006	null	50110
4002003	5	3	2	4002160	null	50123
4002004	5	3	2	4002011	null	50113
4002005	5	3	2	4002013	null	null
4002006	5	3	2	4002015	null	null
4002007	7	3	2	4002017	null	null
4002008	7	3	2	4002019	null	null
4002009	5	3	2	4002021	null	null
4002010	5	3	2	4002023	null	null
4002011	10	3	1	4002025	null	50112
4002012	10	3	1	4002027	null	50125
4002013	10	3	1	4002029	null	50126
4002014	10	3	1	4002031	null	50127
4002015	10	3	1	4002033	null	50128
4002016	7	3	2	4002035	null	null
4002017	7	3	2	4002039	null	null
4002018	5	3	2	4002043	null	null
4002019	5	3	2	4002046	null	50102#50116#50117#50118
4002020	5	3	2	4002053	null	50102#50116#50117#50118
4002021	10	3	1	4002060	null	null
4002022	10	3	1	4002062	null	null
4002023	10	3	1	4002064	null	null
4002024	10	3	1	4002066	null	null
4002025	10	3	1	4002068	null	null
4002026	5	3	2	4002070	null	null
4002027	5	3	2	4002077	null	50114
4002028	5	3	2	4002088	null	50115
4002029	5	3	2	4002106	null	null
4002030	5	3	2	4002114	null	null
4002031	5	3	2	4002122	null	null
4002032	5	3	2	4002133	null	50119#50120
4002033	1	3	1	4002144	null	50101
4002034	1	3	1	4002145	null	50104
4002035	8	0	0	0	null	null
4002036	5	3	2	4002146	null	null
4002037	5	3	2	4002149	null	null
4002038	5	3	2	4002152	null	null
4002039	1	3	1	4002155	null	50102
4002040	1	3	1	4002156	null	50103
4002041	1	3	1	4002157	null	50105
4002042	1	3	1	4002158	null	50121
4002043	1	3	1	4002159	null	50122
4002044	5	3	2	4002165	null	50124
6001001	8	0	0	0	null	null
2000000	7	3	2	0	null	null
2000001	5	3	2	2000001	null	null
2000002	5	3	2	2000002	null	null
2000003	5	3	2	2000003	null	null
2000004	5	3	2	2000004	null	null
2000005	9	3	2	2000005	null	null
2000006	9	3	2	2000006	null	null
2000007	5	3	2	2000007	null	null
2000008	13	3	2	0	null	null
2000009	14	3	2	0	null	null
2000010	15	3	2	0	null	null
2000011	16	3	2	0	null	null
2000012	17	3	2	0	null	null
2000013	18	3	2	0	null	null
2000014	19	3	2	0	null	null
2001000	2	2	1	2001000	null	null
2001001	1	2	1	2001001	null	null
2001002	1	2	1	2001002	null	null
2001003	1	2	1	2001003	null	null
2001004	1	2	1	2001004	null	null
2001005	1	2	1	2001005	null	null
2001006	1	2	1	2001006	null	null
2001007	1	2	1	2001007	null	null
2001008	1	2	1	2001008	null	null
2002000	2	2	1	2002000	null	null
2002001	1	2	1	2002001	null	null
2002002	1	2	1	2002002	null	null
2002003	1	2	1	2002003	null	null
2002004	1	2	1	2002004	null	null
2002005	1	2	1	2002005	null	null
2002006	1	2	1	2002006	null	null
2002007	1	2	1	2002007	null	null
2002008	1	2	1	2002008	null	null
2003000	2	2	1	2003000	null	null
2003001	1	2	1	2003001	null	null
2003002	1	2	1	2003002	null	null
2003003	1	2	1	2003003	null	null
2003004	1	2	1	2003004	null	null
2003005	1	2	1	2003005	null	null
2003006	1	2	1	2003006	null	null
2003007	1	2	1	2003007	null	null
2003008	1	2	1	2003008	null	null
2004000	2	2	1	2004000	null	null
2004001	1	2	1	2004001	null	null
2004002	1	2	1	2004002	null	null
2004003	1	2	1	2004003	null	null
2004004	1	2	1	2004004	null	null
2004005	1	2	1	2004005	null	null
2004006	1	2	1	2004006	null	null
2004007	1	2	1	2004007	null	null
2004008	1	2	1	2004008	null	null
2005000	2	2	1	2005000	null	null
2005001	1	2	1	2005001	null	null
2005002	1	2	1	2005002	null	null
2005003	1	2	1	2005003	null	null
2005004	1	2	1	2005004	null	null
2005005	1	2	1	2005005	null	null
2005006	1	2	1	2005006	null	null
2005007	1	2	1	2005007	null	null
2005008	1	2	1	2005008	null	null
2006000	2	2	1	2006000	null	null
2006001	1	2	1	2006001	null	null
2006002	1	2	1	2006002	null	null
2006003	1	2	1	2006003	null	null
2006004	1	2	1	2006004	null	null
2006005	1	2	1	2006005	null	null
2006006	1	2	1	2006006	null	null
2006007	1	2	1	2006007	null	null
2006008	1	2	1	2006008	null	null
2007000	2	2	1	2007000	null	null
2007001	1	2	1	2007001	null	null
2007002	1	2	1	2007002	null	null
2007003	1	2	1	2007003	null	null
2007004	1	2	1	2007004	null	null
2007005	1	2	1	2007005	null	null
2007006	1	2	1	2007006	null	null
2007007	1	2	1	2007007	null	null
2007008	1	2	1	2007008	null	null
2008000	2	2	1	2008000	null	null
2008001	1	2	1	2008001	null	null
2008002	1	2	1	2008002	null	null
2008003	1	2	1	2008003	null	null
2008004	1	2	1	2008004	null	null
2008005	1	2	1	2008005	null	null
2008006	1	2	1	2008006	null	null
2008007	1	2	1	2008007	null	null
2008008	1	2	1	2008008	null	null
2009000	2	2	1	2009000	null	null
2009001	1	2	1	2009001	null	null
2009002	1	2	1	2009002	null	null
2009003	1	2	1	2009003	null	null
2009004	1	2	1	2009004	null	null
2009005	1	2	1	2009005	null	null
2009006	1	2	1	2009006	null	null
2009007	1	2	1	2009007	null	null
2009008	1	2	1	2009008	null	null
2010000	2	2	1	2010000	null	null
2010001	1	2	1	2010001	null	null
2010002	1	2	1	2010002	null	null
2010003	1	2	1	2010003	null	null
2010004	1	2	1	2010004	null	null
2010005	1	2	1	2010005	null	null
2010006	1	2	1	2010006	null	null
2010007	1	2	1	2010007	null	null
2010008	1	2	1	2010008	null	null
2011000	2	2	1	2011000	null	null
2011001	1	2	1	2011001	null	null
2011002	1	2	1	2011002	null	null
2011003	1	2	1	2011003	null	null
2011004	1	2	1	2011004	null	null
2011005	1	2	1	2011005	null	null
2011006	1	2	1	2011006	null	null
2011007	1	2	1	2011007	null	null
2011008	1	2	1	2011008	null	null
2012000	2	2	1	2012000	null	null
2012001	1	2	1	2012001	null	null
2012002	1	2	1	2012002	null	null
2012003	1	2	1	2012003	null	null
2012004	1	2	1	2012004	null	null
2012005	1	2	1	2012005	null	null
2012006	1	2	1	2012006	null	null
2012007	1	2	1	2012007	null	null
2012008	1	2	1	2012008	null	null
2013000	2	2	1	2013000	null	null
2013001	1	2	1	2013001	null	null
2013002	1	2	1	2013002	null	null
2013003	1	2	1	2013003	null	null
2013004	1	2	1	2013004	null	null
2013005	1	2	1	2013005	null	null
2013006	1	2	1	2013006	null	null
2013007	1	2	1	2013007	null	null
2013008	1	2	1	2013008	null	null
2014000	2	2	1	2014000	null	null
2014001	1	2	1	2014001	null	null
2014002	1	2	1	2014002	null	null
2014003	1	2	1	2014003	null	null
2014004	1	2	1	2014004	null	null
2014005	1	2	1	2014005	null	null
2014006	1	2	1	2014006	null	null
2014007	1	2	1	2014007	null	null
2014008	1	2	1	2014008	null	null
2015000	2	2	1	2015000	null	null
2015001	1	2	1	2015001	null	null
2015002	1	2	1	2015002	null	null
2015003	1	2	1	2015003	null	null
2015004	1	2	1	2015004	null	null
2015005	1	2	1	2015005	null	null
2015006	1	2	1	2015006	null	null
2015007	1	2	1	2015007	null	null
2015008	1	2	1	2015008	null	null
2016000	2	2	1	2016000	null	null
2016001	1	2	1	2016001	null	null
2016002	1	2	1	2016002	null	null
2016003	1	2	1	2016003	null	null
2016004	1	2	1	2016004	null	null
2016005	1	2	1	2016005	null	null
2016006	1	2	1	2016006	null	null
2016007	1	2	1	2016007	null	null
2016008	1	2	1	2016008	null	null
2017000	2	2	1	2017000	null	null
2017001	1	2	1	2017001	null	null
2017002	1	2	1	2017002	null	null
2017003	1	2	1	2017003	null	null
2017004	1	2	1	2017004	null	null
2017005	1	2	1	2017005	null	null
2017006	1	2	1	2017006	null	null
2017007	1	2	1	2017007	null	null
2017008	1	2	1	2017008	null	null
2018000	2	2	1	2018000	null	null
2018001	1	2	1	2018001	null	null
2018002	1	2	1	2018002	null	null
2018003	1	2	1	2018003	null	null
2018004	1	2	1	2018004	null	null
2018005	1	2	1	2018005	null	null
2018006	1	2	1	2018006	null	null
2018007	1	2	1	2018007	null	null
2018008	1	2	1	2018008	null	null
2019000	2	2	1	2019000	null	null
2019001	1	2	1	2019001	null	null
2019002	1	2	1	2019002	null	null
2019003	1	2	1	2019003	null	null
2019004	1	2	1	2019004	null	null
2019005	1	2	1	2019005	null	null
2019006	1	2	1	2019006	null	null
2019007	1	2	1	2019007	null	null
2019008	1	2	1	2019008	null	null
2020000	2	2	1	2020000	null	null
2020001	1	2	1	2020001	null	null
2020002	1	2	1	2020002	null	null
2020003	1	2	1	2020003	null	null
2020004	1	2	1	2020004	null	null
2020005	1	2	1	2020005	null	null
2020006	1	2	1	2020006	null	null
2020007	1	2	1	2020007	null	null
2020008	1	2	1	2020008	null	null
2021000	2	2	1	2021000	null	null
2021001	1	2	1	2021001	null	null
2021002	1	2	1	2021002	null	null
2021003	1	2	1	2021003	null	null
2021004	1	2	1	2021004	null	null
2021005	1	2	1	2021005	null	null
2021006	1	2	1	2021006	null	null
2021007	1	2	1	2021007	null	null
2021008	1	2	1	2021008	null	null
2022000	2	2	1	2022000	null	null
2022001	1	2	1	2022001	null	null
2022002	1	2	1	2022002	null	null
2022003	1	2	1	2022003	null	null
2022004	1	2	1	2022004	null	null
2022005	1	2	1	2022005	null	null
2022006	1	2	1	2022006	null	null
2022007	1	2	1	2022007	null	null
2022008	1	2	1	2022008	null	null
2023000	2	2	1	2023000	null	null
2023001	1	2	1	2023001	null	null
2023002	1	2	1	2023002	null	null
2023003	1	2	1	2023003	null	null
2023004	1	2	1	2023004	null	null
2023005	1	2	1	2023005	null	null
2023006	1	2	1	2023006	null	null
2023007	1	2	1	2023007	null	null
2023008	1	2	1	2023008	null	null
2024000	2	2	1	2024000	null	null
2024001	1	2	1	2024001	null	null
2024002	1	2	1	2024002	null	null
2024003	1	2	1	2024003	null	null
2024004	1	2	1	2024004	null	null
2024005	1	2	1	2024005	null	null
2024006	1	2	1	2024006	null	null
2024007	1	2	1	2024007	null	null
2024008	1	2	1	2024008	null	null
2025000	2	2	1	2025000	null	null
2025001	1	2	1	2025001	null	null
2025002	1	2	1	2025002	null	null
2025003	1	2	1	2025003	null	null
2025004	1	2	1	2025004	null	null
2025005	1	2	1	2025005	null	null
2025006	1	2	1	2025006	null	null
2025007	1	2	1	2025007	null	null
2025008	1	2	1	2025008	null	null
2026000	2	2	1	2026000	null	null
2026001	1	2	1	2026001	null	null
2026002	1	2	1	2026002	null	null
2026003	1	2	1	2026003	null	null
2026004	1	2	1	2026004	null	null
2026005	1	2	1	2026005	null	null
2026006	1	2	1	2026006	null	null
2026007	1	2	1	2026007	null	null
2026008	1	2	1	2026008	null	null
2027000	2	2	1	2027000	null	null
2027001	1	2	1	2027001	null	null
2027002	1	2	1	2027002	null	null
2027003	1	2	1	2027003	null	null
2027004	1	2	1	2027004	null	null
2027005	1	2	1	2027005	null	null
2027006	1	2	1	2027006	null	null
2027007	1	2	1	2027007	null	null
2027008	1	2	1	2027008	null	null
2028000	2	2	1	2028000	null	null
2028001	1	2	1	2028001	null	null
2028002	1	2	1	2028002	null	null
2028003	1	2	1	2028003	null	null
2028004	1	2	1	2028004	null	null
2028005	1	2	1	2028005	null	null
2028006	1	2	1	2028006	null	null
2028007	1	2	1	2028007	null	null
2028008	1	2	1	2028008	null	null
2029000	2	2	1	2029000	null	null
2029001	1	2	1	2029001	null	null
2029002	1	2	1	2029002	null	null
2029003	1	2	1	2029003	null	null
2029004	1	2	1	2029004	null	null
2029005	1	2	1	2029005	null	null
2029006	1	2	1	2029006	null	null
2029007	1	2	1	2029007	null	null
2029008	1	2	1	2029008	null	null
2030000	2	2	1	2030000	null	null
2030001	1	2	1	2030001	null	null
2030002	1	2	1	2030002	null	null
2030003	1	2	1	2030003	null	null
2030004	1	2	1	2030004	null	null
2030005	1	2	1	2030005	null	null
2030006	1	2	1	2030006	null	null
2030007	1	2	1	2030007	null	null
2030008	1	2	1	2030008	null	null
2031000	2	2	1	2031000	null	null
2031001	1	2	1	2031001	null	null
2031002	1	2	1	2031002	null	null
2031003	1	2	1	2031003	null	null
2031004	1	2	1	2031004	null	null
2031005	1	2	1	2031005	null	null
2031006	1	2	1	2031006	null	null
2031007	1	2	1	2031007	null	null
2031008	1	2	1	2031008	null	null
2032000	2	2	1	2032000	null	null
2032001	1	2	1	2032001	null	null
2032002	1	2	1	2032002	null	null
2032003	1	2	1	2032003	null	null
2032004	1	2	1	2032004	null	null
2032005	1	2	1	2032005	null	null
2032006	1	2	1	2032006	null	null
2032007	1	2	1	2032007	null	null
2032008	1	2	1	2032008	null	null
2033000	2	2	1	2033000	null	null
2033001	1	2	1	2033001	null	null
2033002	1	2	1	2033002	null	null
2033003	1	2	1	2033003	null	null
2033004	1	2	1	2033004	null	null
2033005	1	2	1	2033005	null	null
2033006	1	2	1	2033006	null	null
2033007	1	2	1	2033007	null	null
2033008	1	2	1	2033008	null	null
2034000	2	2	1	2034000	null	null
2034001	1	2	1	2034001	null	null
2034002	1	2	1	2034002	null	null
2034003	1	2	1	2034003	null	null
2034004	1	2	1	2034004	null	null
2034005	1	2	1	2034005	null	null
2034006	1	2	1	2034006	null	null
2034007	1	2	1	2034007	null	null
2034008	1	2	1	2034008	null	null
2035000	2	2	1	2035000	null	null
2035001	1	2	1	2035001	null	null
2035002	1	2	1	2035002	null	null
2035003	1	2	1	2035003	null	null
2035004	1	2	1	2035004	null	null
2035005	1	2	1	2035005	null	null
2035006	1	2	1	2035006	null	null
2035007	1	2	1	2035007	null	null
2035008	1	2	1	2035008	null	null
2036000	2	2	1	2036000	null	null
2036001	1	2	1	2036001	null	null
2036002	1	2	1	2036002	null	null
2036003	1	2	1	2036003	null	null
2036004	1	2	1	2036004	null	null
2036005	1	2	1	2036005	null	null
2036006	1	2	1	2036006	null	null
2036007	1	2	1	2036007	null	null
2036008	1	2	1	2036008	null	null
2037000	2	2	1	2037000	null	null
2037001	1	2	1	2037001	null	null
2037002	1	2	1	2037002	null	null
2037003	1	2	1	2037003	null	null
2037004	1	2	1	2037004	null	null
2037005	1	2	1	2037005	null	null
2037006	1	2	1	2037006	null	null
2037007	1	2	1	2037007	null	null
2037008	1	2	1	2037008	null	null
2038000	2	2	1	2038000	null	null
2038001	1	2	1	2038001	null	null
2038002	1	2	1	2038002	null	null
2038003	1	2	1	2038003	null	null
2038004	1	2	1	2038004	null	null
2038005	1	2	1	2038005	null	null
2038006	1	2	1	2038006	null	null
2038007	1	2	1	2038007	null	null
2038008	1	2	1	2038008	null	null
2039000	2	2	1	2039000	null	null
2039001	1	2	1	2039001	null	null
2039002	1	2	1	2039002	null	null
2039003	1	2	1	2039003	null	null
2039004	1	2	1	2039004	null	null
2039005	1	2	1	2039005	null	null
2039006	1	2	1	2039006	null	null
2039007	1	2	1	2039007	null	null
2039008	1	2	1	2039008	null	null
2040000	2	2	1	2040000	null	null
2040001	1	2	1	2040001	null	null
2040002	1	2	1	2040002	null	null
2040003	1	2	1	2040003	null	null
2040004	1	2	1	2040004	null	null
2040005	1	2	1	2040005	null	null
2040006	1	2	1	2040006	null	null
2040007	1	2	1	2040007	null	null
2040008	1	2	1	2040008	null	null
2041000	2	2	1	2041000	null	null
2041001	1	2	1	2041001	null	null
2041002	1	2	1	2041002	null	null
2041003	1	2	1	2041003	null	null
2041004	1	2	1	2041004	null	null
2041005	1	2	1	2041005	null	null
2041006	1	2	1	2041006	null	null
2041007	1	2	1	2041007	null	null
2041008	1	2	1	2041008	null	null
2042000	2	2	1	2042000	null	null
2042001	1	2	1	2042001	null	null
2042002	1	2	1	2042002	null	null
2042003	1	2	1	2042003	null	null
2042004	1	2	1	2042004	null	null
2042005	1	2	1	2042005	null	null
2042006	1	2	1	2042006	null	null
2042007	1	2	1	2042007	null	null
2042008	1	2	1	2042008	null	null
2043000	2	2	1	2043000	null	null
2043001	1	2	1	2043001	null	null
2043002	1	2	1	2043002	null	null
2043003	1	2	1	2043003	null	null
2043004	1	2	1	2043004	null	null
2043005	1	2	1	2043005	null	null
2043006	1	2	1	2043006	null	null
2043007	1	2	1	2043007	null	null
2043008	1	2	1	2043008	null	null
2044000	2	2	1	2044000	null	null
2044001	1	2	1	2044001	null	null
2044002	1	2	1	2044002	null	null
2044003	1	2	1	2044003	null	null
2044004	1	2	1	2044004	null	null
2044005	1	2	1	2044005	null	null
2044006	1	2	1	2044006	null	null
2044007	1	2	1	2044007	null	null
2044008	1	2	1	2044008	null	null
2045000	2	2	1	2045000	null	null
2045001	1	2	1	2045001	null	null
2045002	1	2	1	2045002	null	null
2045003	1	2	1	2045003	null	null
2045004	1	2	1	2045004	null	null
2045005	1	2	1	2045005	null	null
2045006	1	2	1	2045006	null	null
2045007	1	2	1	2045007	null	null
2045008	1	2	1	2045008	null	null
2046000	2	2	1	2046000	null	null
2046001	1	2	1	2046001	null	null
2046002	1	2	1	2046002	null	null
2046003	1	2	1	2046003	null	null
2046004	1	2	1	2046004	null	null
2046005	1	2	1	2046005	null	null
2046006	1	2	1	2046006	null	null
2046007	1	2	1	2046007	null	null
2046008	1	2	1	2046008	null	null
2047000	2	2	1	2047000	null	null
2047001	1	2	1	2047001	null	null
2047002	1	2	1	2047002	null	null
2047003	1	2	1	2047003	null	null
2047004	1	2	1	2047004	null	null
2047005	1	2	1	2047005	null	null
2047006	1	2	1	2047006	null	null
2047007	1	2	1	2047007	null	null
2047008	1	2	1	2047008	null	null
2048000	2	2	1	2048000	null	null
2048001	1	2	1	2048001	null	null
2048002	1	2	1	2048002	null	null
2048003	1	2	1	2048003	null	null
2048004	1	2	1	2048004	null	null
2048005	1	2	1	2048005	null	null
2048006	1	2	1	2048006	null	null
2048007	1	2	1	2048007	null	null
2048008	1	2	1	2048008	null	null
2049000	2	2	1	2049000	null	null
2049001	1	2	1	2049001	null	null
2049002	1	2	1	2049002	null	null
2049003	1	2	1	2049003	null	null
2049004	1	2	1	2049004	null	null
2049005	1	2	1	2049005	null	null
2049006	1	2	1	2049006	null	null
2049007	1	2	1	2049007	null	null
2049008	1	2	1	2049008	null	null
2050000	2	2	1	2050000	null	null
2050001	1	2	1	2050001	null	null
2050002	1	2	1	2050002	null	null
2050003	1	2	1	2050003	null	null
2050004	1	2	1	2050004	null	null
2050005	1	2	1	2050005	null	null
2050006	1	2	1	2050006	null	null
2050007	1	2	1	2050007	null	null
2050008	1	2	1	2050008	null	null
2051000	2	2	1	2051000	null	null
2051001	1	2	1	2051001	null	null
2051002	1	2	1	2051002	null	null
2051003	1	2	1	2051003	null	null
2051004	1	2	1	2051004	null	null
2051005	1	2	1	2051005	null	null
2051006	1	2	1	2051006	null	null
2051007	1	2	1	2051007	null	null
2051008	1	2	1	2051008	null	null
2052000	2	2	1	2052000	null	null
2052001	1	2	1	2052001	null	null
2052002	1	2	1	2052002	null	null
2052003	1	2	1	2052003	null	null
2052004	1	2	1	2052004	null	null
2052005	1	2	1	2052005	null	null
2052006	1	2	1	2052006	null	null
2052007	1	2	1	2052007	null	null
2052008	1	2	1	2052008	null	null
2053000	2	2	1	2053000	null	null
2053001	1	2	1	2053001	null	null
2053002	1	2	1	2053002	null	null
2053003	1	2	1	2053003	null	null
2053004	1	2	1	2053004	null	null
2053005	1	2	1	2053005	null	null
2053006	1	2	1	2053006	null	null
2053007	1	2	1	2053007	null	null
2053008	1	2	1	2053008	null	null
2054000	2	2	1	2054000	null	null
2054001	1	2	1	2054001	null	null
2054002	1	2	1	2054002	null	null
2054003	1	2	1	2054003	null	null
2054004	1	2	1	2054004	null	null
2054005	1	2	1	2054005	null	null
2054006	1	2	1	2054006	null	null
2054007	1	2	1	2054007	null	null
2054008	1	2	1	2054008	null	null
2055000	2	2	1	2055000	null	null
2055001	1	2	1	2055001	null	null
2055002	1	2	1	2055002	null	null
2055003	1	2	1	2055003	null	null
2055004	1	2	1	2055004	null	null
2055005	1	2	1	2055005	null	null
2055006	1	2	1	2055006	null	null
2055007	1	2	1	2055007	null	null
2055008	1	2	1	2055008	null	null
2056000	2	2	1	2056000	null	null
2056001	1	2	1	2056001	null	null
2056002	1	2	1	2056002	null	null
2056003	1	2	1	2056003	null	null
2056004	1	2	1	2056004	null	null
2056005	1	2	1	2056005	null	null
2056006	1	2	1	2056006	null	null
2056007	1	2	1	2056007	null	null
2056008	1	2	1	2056008	null	null
2057000	2	2	1	2057000	null	null
2057001	1	2	1	2057001	null	null
2057002	1	2	1	2057002	null	null
2057003	1	2	1	2057003	null	null
2057004	1	2	1	2057004	null	null
2057005	1	2	1	2057005	null	null
2057006	1	2	1	2057006	null	null
2057007	1	2	1	2057007	null	null
2057008	1	2	1	2057008	null	null
2058000	2	2	1	2058000	null	null
2058001	1	2	1	2058001	null	null
2058002	1	2	1	2058002	null	null
2058003	1	2	1	2058003	null	null
2058004	1	2	1	2058004	null	null
2058005	1	2	1	2058005	null	null
2058006	1	2	1	2058006	null	null
2058007	1	2	1	2058007	null	null
2058008	1	2	1	2058008	null	null
2059000	2	2	1	2059000	null	null
2059001	1	2	1	2059001	null	null
2059002	1	2	1	2059002	null	null
2059003	1	2	1	2059003	null	null
2059004	1	2	1	2059004	null	null
2059005	1	2	1	2059005	null	null
2059006	1	2	1	2059006	null	null
2059007	1	2	1	2059007	null	null
2059008	1	2	1	2059008	null	null
2060000	2	2	1	2060000	null	null
2060001	1	2	1	2060001	null	null
2060002	1	2	1	2060002	null	null
2060003	1	2	1	2060003	null	null
2060004	1	2	1	2060004	null	null
2060005	1	2	1	2060005	null	null
2060006	1	2	1	2060006	null	null
2060007	1	2	1	2060007	null	null
2060008	1	2	1	2060008	null	null
2061000	2	2	1	2061000	null	null
2061001	1	2	1	2061001	null	null
2061002	1	2	1	2061002	null	null
2061003	1	2	1	2061003	null	null
2061004	1	2	1	2061004	null	null
2061005	1	2	1	2061005	null	null
2061006	1	2	1	2061006	null	null
2061007	1	2	1	2061007	null	null
2061008	1	2	1	2061008	null	null
2062000	2	2	1	2062000	null	null
2062001	1	2	1	2062001	null	null
2062002	1	2	1	2062002	null	null
2062003	1	2	1	2062003	null	null
2062004	1	2	1	2062004	null	null
2062005	1	2	1	2062005	null	null
2062006	1	2	1	2062006	null	null
2062007	1	2	1	2062007	null	null
2062008	1	2	1	2062008	null	null
2063000	2	2	1	2063000	null	null
2063001	1	2	1	2063001	null	null
2063002	1	2	1	2063002	null	null
2063003	1	2	1	2063003	null	null
2063004	1	2	1	2063004	null	null
2063005	1	2	1	2063005	null	null
2063006	1	2	1	2063006	null	null
2063007	1	2	1	2063007	null	null
2063008	1	2	1	2063008	null	null
2064000	2	2	1	2064000	null	null
2064001	1	2	1	2064001	null	null
2064002	1	2	1	2064002	null	null
2064003	1	2	1	2064003	null	null
2064004	1	2	1	2064004	null	null
2064005	1	2	1	2064005	null	null
2064006	1	2	1	2064006	null	null
2064007	1	2	1	2064007	null	null
2064008	1	2	1	2064008	null	null
2065000	2	2	1	2065000	null	null
2065001	1	2	1	2065001	null	null
2065002	1	2	1	2065002	null	null
2065003	1	2	1	2065003	null	null
2065004	1	2	1	2065004	null	null
2065005	1	2	1	2065005	null	null
2065006	1	2	1	2065006	null	null
2065007	1	2	1	2065007	null	null
2065008	1	2	1	2065008	null	null
2066000	2	2	1	2066000	null	null
2066001	1	2	1	2066001	null	null
2066002	1	2	1	2066002	null	null
2066003	1	2	1	2066003	null	null
2066004	1	2	1	2066004	null	null
2066005	1	2	1	2066005	null	null
2066006	1	2	1	2066006	null	null
2066007	1	2	1	2066007	null	null
2066008	1	2	1	2066008	null	null
2067000	2	2	1	2067000	null	null
2067001	1	2	1	2067001	null	null
2067002	1	2	1	2067002	null	null
2067003	1	2	1	2067003	null	null
2067004	1	2	1	2067004	null	null
2067005	1	2	1	2067005	null	null
2067006	1	2	1	2067006	null	null
2067007	1	2	1	2067007	null	null
2067008	1	2	1	2067008	null	null
2068000	2	2	1	2068000	null	null
2068001	1	2	1	2068001	null	null
2068002	1	2	1	2068002	null	null
2068003	1	2	1	2068003	null	null
2068004	1	2	1	2068004	null	null
2068005	1	2	1	2068005	null	null
2068006	1	2	1	2068006	null	null
2068007	1	2	1	2068007	null	null
2068008	1	2	1	2068008	null	null
2069000	2	2	1	2069000	null	null
2069001	1	2	1	2069001	null	null
2069002	1	2	1	2069002	null	null
2069003	1	2	1	2069003	null	null
2069004	1	2	1	2069004	null	null
2069005	1	2	1	2069005	null	null
2069006	1	2	1	2069006	null	null
2069007	1	2	1	2069007	null	null
2069008	1	2	1	2069008	null	null
2070000	2	2	1	2070000	null	null
2070001	1	2	1	2070001	null	null
2070002	1	2	1	2070002	null	null
2070003	1	2	1	2070003	null	null
2070004	1	2	1	2070004	null	null
2070005	1	2	1	2070005	null	null
2070006	1	2	1	2070006	null	null
2070007	1	2	1	2070007	null	null
2070008	1	2	1	2070008	null	null
2071000	2	2	1	2071000	null	null
2071001	1	2	1	2071001	null	null
2071002	1	2	1	2071002	null	null
2071003	1	2	1	2071003	null	null
2071004	1	2	1	2071004	null	null
2071005	1	2	1	2071005	null	null
2071006	1	2	1	2071006	null	null
2071007	1	2	1	2071007	null	null
2071008	1	2	1	2071008	null	null
2072000	2	2	1	2072000	null	null
2072001	1	2	1	2072001	null	null
2072002	1	2	1	2072002	null	null
2072003	1	2	1	2072003	null	null
2072004	1	2	1	2072004	null	null
2072005	1	2	1	2072005	null	null
2072006	1	2	1	2072006	null	null
2072007	1	2	1	2072007	null	null
2072008	1	2	1	2072008	null	null
2073000	2	2	1	2073000	null	null
2073001	1	2	1	2073001	null	null
2073002	1	2	1	2073002	null	null
2073003	1	2	1	2073003	null	null
2073004	1	2	1	2073004	null	null
2073005	1	2	1	2073005	null	null
2073006	1	2	1	2073006	null	null
2073007	1	2	1	2073007	null	null
2073008	1	2	1	2073008	null	null
2074000	2	2	1	2074000	null	null
2074001	1	2	1	2074001	null	null
2074002	1	2	1	2074002	null	null
2074003	1	2	1	2074003	null	null
2074004	1	2	1	2074004	null	null
2074005	1	2	1	2074005	null	null
2074006	1	2	1	2074006	null	null
2074007	1	2	1	2074007	null	null
2074008	1	2	1	2074008	null	null
2075000	2	2	1	2075000	null	null
2075001	1	2	1	2075001	null	null
2075002	1	2	1	2075002	null	null
2075003	1	2	1	2075003	null	null
2075004	1	2	1	2075004	null	null
2075005	1	2	1	2075005	null	null
2075006	1	2	1	2075006	null	null
2075007	1	2	1	2075007	null	null
2075008	1	2	1	2075008	null	null
2076000	2	2	1	2076000	null	null
2076001	1	2	1	2076001	null	null
2076002	1	2	1	2076002	null	null
2076003	1	2	1	2076003	null	null
2076004	1	2	1	2076004	null	null
2076005	1	2	1	2076005	null	null
2076006	1	2	1	2076006	null	null
2076007	1	2	1	2076007	null	null
2076008	1	2	1	2076008	null	null
2077000	2	2	1	2077000	null	null
2077001	1	2	1	2077001	null	null
2077002	1	2	1	2077002	null	null
2077003	1	2	1	2077003	null	null
2077004	1	2	1	2077004	null	null
2077005	1	2	1	2077005	null	null
2077006	1	2	1	2077006	null	null
2077007	1	2	1	2077007	null	null
2077008	1	2	1	2077008	null	null
2078000	2	2	1	2078000	null	null
2078001	1	2	1	2078001	null	null
2078002	1	2	1	2078002	null	null
2078003	1	2	1	2078003	null	null
2078004	1	2	1	2078004	null	null
2078005	1	2	1	2078005	null	null
2078006	1	2	1	2078006	null	null
2078007	1	2	1	2078007	null	null
2078008	1	2	1	2078008	null	null
2079000	2	2	1	2079000	null	null
2079001	1	2	1	2079001	null	null
2079002	1	2	1	2079002	null	null
2079003	1	2	1	2079003	null	null
2079004	1	2	1	2079004	null	null
2079005	1	2	1	2079005	null	null
2079006	1	2	1	2079006	null	null
2079007	1	2	1	2079007	null	null
2079008	1	2	1	2079008	null	null
2080000	2	2	1	2080000	null	null
2080001	1	2	1	2080001	null	null
2080002	1	2	1	2080002	null	null
2080003	1	2	1	2080003	null	null
2080004	1	2	1	2080004	null	null
2080005	1	2	1	2080005	null	null
2080006	1	2	1	2080006	null	null
2080007	1	2	1	2080007	null	null
2080008	1	2	1	2080008	null	null
2081000	2	2	1	2081000	null	null
2081001	1	2	1	2081001	null	null
2081002	1	2	1	2081002	null	null
2081003	1	2	1	2081003	null	null
2081004	1	2	1	2081004	null	null
2081005	1	2	1	2081005	null	null
2081006	1	2	1	2081006	null	null
2081007	1	2	1	2081007	null	null
2081008	1	2	1	2081008	null	null
2082000	2	2	1	2082000	null	null
2082001	1	2	1	2082001	null	null
2082002	1	2	1	2082002	null	null
2082003	1	2	1	2082003	null	null
2082004	1	2	1	2082004	null	null
2082005	1	2	1	2082005	null	null
2082006	1	2	1	2082006	null	null
2082007	1	2	1	2082007	null	null
2082008	1	2	1	2082008	null	null
2083000	2	2	1	2083000	null	null
2083001	1	2	1	2083001	null	null
2083002	1	2	1	2083002	null	null
2083003	1	2	1	2083003	null	null
2083004	1	2	1	2083004	null	null
2083005	1	2	1	2083005	null	null
2083006	1	2	1	2083006	null	null
2083007	1	2	1	2083007	null	null
2083008	1	2	1	2083008	null	null
2084000	2	2	1	2084000	null	null
2084001	1	2	1	2084001	null	null
2084002	1	2	1	2084002	null	null
2084003	1	2	1	2084003	null	null
2084004	1	2	1	2084004	null	null
2084005	1	2	1	2084005	null	null
2084006	1	2	1	2084006	null	null
2084007	1	2	1	2084007	null	null
2084008	1	2	1	2084008	null	null
2085000	2	2	1	2085000	null	null
2085001	1	2	1	2085001	null	null
2085002	1	2	1	2085002	null	null
2085003	1	2	1	2085003	null	null
2085004	1	2	1	2085004	null	null
2085005	1	2	1	2085005	null	null
2085006	1	2	1	2085006	null	null
2085007	1	2	1	2085007	null	null
2085008	1	2	1	2085008	null	null
2086000	2	2	1	2086000	null	null
2086001	1	2	1	2086001	null	null
2086002	1	2	1	2086002	null	null
2086003	1	2	1	2086003	null	null
2086004	1	2	1	2086004	null	null
2086005	1	2	1	2086005	null	null
2086006	1	2	1	2086006	null	null
2086007	1	2	1	2086007	null	null
2086008	1	2	1	2086008	null	null
2087000	2	2	1	2087000	null	null
2087001	1	2	1	2087001	null	null
2087002	1	2	1	2087002	null	null
2087003	1	2	1	2087003	null	null
2087004	1	2	1	2087004	null	null
2087005	1	2	1	2087005	null	null
2087006	1	2	1	2087006	null	null
2087007	1	2	1	2087007	null	null
2087008	1	2	1	2087008	null	null
2088000	2	2	1	2088000	null	null
2088001	1	2	1	2088001	null	null
2088002	1	2	1	2088002	null	null
2088003	1	2	1	2088003	null	null
2088004	1	2	1	2088004	null	null
2088005	1	2	1	2088005	null	null
2088006	1	2	1	2088006	null	null
2088007	1	2	1	2088007	null	null
2088008	1	2	1	2088008	null	null
2089000	2	2	1	2089000	null	null
2089001	1	2	1	2089001	null	null
2089002	1	2	1	2089002	null	null
2089003	1	2	1	2089003	null	null
2089004	1	2	1	2089004	null	null
2089005	1	2	1	2089005	null	null
2089006	1	2	1	2089006	null	null
2089007	1	2	1	2089007	null	null
2089008	1	2	1	2089008	null	null
2090000	2	2	1	2090000	null	null
2090001	1	2	1	2090001	null	null
2090002	1	2	1	2090002	null	null
2090003	1	2	1	2090003	null	null
2090004	1	2	1	2090004	null	null
2090005	1	2	1	2090005	null	null
2090006	1	2	1	2090006	null	null
2090007	1	2	1	2090007	null	null
2090008	1	2	1	2090008	null	null
2091000	2	2	1	2091000	null	null
2091001	1	2	1	2091001	null	null
2091002	1	2	1	2091002	null	null
2091003	1	2	1	2091003	null	null
2091004	1	2	1	2091004	null	null
2091005	1	2	1	2091005	null	null
2091006	1	2	1	2091006	null	null
2091007	1	2	1	2091007	null	null
2091008	1	2	1	2091008	null	null
2092000	2	2	1	2092000	null	null
2092001	1	2	1	2092001	null	null
2092002	1	2	1	2092002	null	null
2092003	1	2	1	2092003	null	null
2092004	1	2	1	2092004	null	null
2092005	1	2	1	2092005	null	null
2092006	1	2	1	2092006	null	null
2092007	1	2	1	2092007	null	null
2092008	1	2	1	2092008	null	null
2093000	2	2	1	2093000	null	null
2093001	1	2	1	2093001	null	null
2093002	1	2	1	2093002	null	null
2093003	1	2	1	2093003	null	null
2093004	1	2	1	2093004	null	null
2093005	1	2	1	2093005	null	null
2093006	1	2	1	2093006	null	null
2093007	1	2	1	2093007	null	null
2093008	1	2	1	2093008	null	null
2094000	2	2	1	2094000	null	null
2094001	1	2	1	2094001	null	null
2094002	1	2	1	2094002	null	null
2094003	1	2	1	2094003	null	null
2094004	1	2	1	2094004	null	null
2094005	1	2	1	2094005	null	null
2094006	1	2	1	2094006	null	null
2094007	1	2	1	2094007	null	null
2094008	1	2	1	2094008	null	null
2095000	2	2	1	2095000	null	null
2095001	1	2	1	2095001	null	null
2095002	1	2	1	2095002	null	null
2095003	1	2	1	2095003	null	null
2095004	1	2	1	2095004	null	null
2095005	1	2	1	2095005	null	null
2095006	1	2	1	2095006	null	null
2095007	1	2	1	2095007	null	null
2095008	1	2	1	2095008	null	null
2096000	2	2	1	2096000	null	null
2096001	1	2	1	2096001	null	null
2096002	1	2	1	2096002	null	null
2096003	1	2	1	2096003	null	null
2096004	1	2	1	2096004	null	null
2096005	1	2	1	2096005	null	null
2096006	1	2	1	2096006	null	null
2096007	1	2	1	2096007	null	null
2096008	1	2	1	2096008	null	null
2097000	2	2	1	2097000	null	null
2097001	1	2	1	2097001	null	null
2097002	1	2	1	2097002	null	null
2097003	1	2	1	2097003	null	null
2097004	1	2	1	2097004	null	null
2097005	1	2	1	2097005	null	null
2097006	1	2	1	2097006	null	null
2097007	1	2	1	2097007	null	null
2097008	1	2	1	2097008	null	null
2098000	2	2	1	2098000	null	null
2098001	1	2	1	2098001	null	null
2098002	1	2	1	2098002	null	null
2098003	1	2	1	2098003	null	null
2098004	1	2	1	2098004	null	null
2098005	1	2	1	2098005	null	null
2098006	1	2	1	2098006	null	null
2098007	1	2	1	2098007	null	null
2098008	1	2	1	2098008	null	null
2099000	2	2	1	2099000	null	null
2099001	1	2	1	2099001	null	null
2099002	1	2	1	2099002	null	null
2099003	1	2	1	2099003	null	null
2099004	1	2	1	2099004	null	null
2099005	1	2	1	2099005	null	null
2099006	1	2	1	2099006	null	null
2099007	1	2	1	2099007	null	null
2099008	1	2	1	2099008	null	null
2100000	2	2	1	2100000	null	null
2100001	1	2	1	2100001	null	null
2100002	1	2	1	2100002	null	null
2100003	1	2	1	2100003	null	null
2100004	1	2	1	2100004	null	null
2100005	1	2	1	2100005	null	null
2100006	1	2	1	2100006	null	null
2100007	1	2	1	2100007	null	null
2100008	1	2	1	2100008	null	null
4001042	13	4	2	4001145	null	null
4001043	13	4	2	4001149	null	null
4001044	13	4	2	4001153	null	null
4001045	13	4	2	4001157	null	null
6001002	22	2	2	0	null	null
6001003	23	2	2	0	null	null
6001004	24	2	2	0	null	null
6001005	25	2	2	0	null	null
6001006	26	2	2	0	null	null
6001007	27	2	2	0	null	null
6001008	28	2	2	2	null	null
6001009	28	2	2	3	null	null
6001010	28	2	2	4	null	null
6001011	31	2	2	0	null	null
5001042	13	4	2	5001145	null	null
5001043	13	4	2	5001149	null	null
5001044	13	4	2	5001153	null	null
5001045	13	4	2	5001157	null	null
5001001	1	3	1	5001001	null	40102
5001002	1	3	1	5001002	null	40102
5001003	1	3	1	5001003	null	40102
5001004	1	3	1	5001004	null	40102
5001005	1	3	1	5001005	null	40102
5001006	1	3	1	5001006	null	40102
5001007	10	3	1	5001007	null	null
5001008	10	3	1	5001008	null	null
5001009	10	3	1	5001011	null	null
5001010	10	3	1	5001014	null	null
5001011	10	3	1	5001018	null	null
5001012	10	3	1	5001022	null	null
5001013	10	3	1	5001023	null	null
5001014	10	3	1	5001024	null	null
5001015	10	3	1	5001025	null	null
5001016	10	3	1	5001026	null	null
5001017	10	3	1	5001027	null	null
5001018	10	3	1	5001029	null	null
5001019	1	3	1	5001031	null	400000
5001020	10	3	1	5001032	null	null
5001021	10	3	1	5001033	null	null
5001022	10	3	1	5001034	null	null
5001023	10	3	1	5001035	null	null
5001024	10	3	1	5001036	null	null
5001025	10	3	1	5001037	null	null
5001026	10	3	1	5001038	null	null
5001027	10	3	1	5001039	null	null
5001028	10	3	1	5001040	null	null
5001029	10	3	1	5001042	null	null
5001030	10	3	1	5001043	null	null
5001031	7	3	2	5001044	null	null
5001032	9	3	2	5001046	null	null
5001033	1	3	1	5001047	null	400000
5001034	1	3	1	5001048	null	400000
5001035	1	3	1	5001049	null	400000
2000015	9	3	2	2000015	null	null
2000016	9	3	2	2000016	null	null
2000017	9	3	2	2000017	null	null
2000018	9	3	2	2000018	null	null
2000019	9	3	2	2000019	null	null
2000020	9	3	2	2000020	null	null
2000021	9	3	2	2000021	null	null
2000022	9	3	2	2000022	null	null
2000023	9	3	2	2000023	null	null
2000024	9	3	2	2000024	null	null
2000025	9	3	2	2000025	null	null
2000026	9	3	2	2000026	null	null
2000027	9	3	2	2000027	null	null
2000028	9	3	2	2000028	null	null
2101000	2	2	1	2101000	null	null
2101001	1	2	1	2101001	null	null
2101002	1	2	1	2101002	null	null
2101003	1	2	1	2101003	null	null
2101004	1	2	1	2101004	null	null
2101005	1	2	1	2101005	null	null
2101006	1	2	1	2101006	null	null
2101007	1	2	1	2101007	null	null
2101008	1	2	1	2101008	null	null
2102000	2	2	1	2102000	null	null
2102001	1	2	1	2102001	null	null
2102002	1	2	1	2102002	null	null
2102003	1	2	1	2102003	null	null
2102004	1	2	1	2102004	null	null
2102005	1	2	1	2102005	null	null
2102006	1	2	1	2102006	null	null
2102007	1	2	1	2102007	null	null
2102008	1	2	1	2102008	null	null
2103000	2	2	1	2103000	null	null
2103001	1	2	1	2103001	null	null
2103002	1	2	1	2103002	null	null
2103003	1	2	1	2103003	null	null
2103004	1	2	1	2103004	null	null
2103005	1	2	1	2103005	null	null
2103006	1	2	1	2103006	null	null
2103007	1	2	1	2103007	null	null
2103008	1	2	1	2103008	null	null
2104000	2	2	1	2104000	null	null
2104001	1	2	1	2104001	null	null
2104002	1	2	1	2104002	null	null
2104003	1	2	1	2104003	null	null
2104004	1	2	1	2104004	null	null
2104005	1	2	1	2104005	null	null
2104006	1	2	1	2104006	null	null
2104007	1	2	1	2104007	null	null
2104008	1	2	1	2104008	null	null
2105000	2	2	1	2105000	null	null
2105001	1	2	1	2105001	null	null
2105002	1	2	1	2105002	null	null
2105003	1	2	1	2105003	null	null
2105004	1	2	1	2105004	null	null
2105005	1	2	1	2105005	null	null
2105006	1	2	1	2105006	null	null
2105007	1	2	1	2105007	null	null
2105008	1	2	1	2105008	null	null
2106000	2	2	1	2106000	null	null
2106001	1	2	1	2106001	null	null
2106002	1	2	1	2106002	null	null
2106003	1	2	1	2106003	null	null
2106004	1	2	1	2106004	null	null
2106005	1	2	1	2106005	null	null
2106006	1	2	1	2106006	null	null
2106007	1	2	1	2106007	null	null
2106008	1	2	1	2106008	null	null
2107000	2	2	1	2107000	null	null
2107001	1	2	1	2107001	null	null
2107002	1	2	1	2107002	null	null
2107003	1	2	1	2107003	null	null
2107004	1	2	1	2107004	null	null
2107005	1	2	1	2107005	null	null
2107006	1	2	1	2107006	null	null
2107007	1	2	1	2107007	null	null
2107008	1	2	1	2107008	null	null
2108000	2	2	1	2108000	null	null
2108001	1	2	1	2108001	null	null
2108002	1	2	1	2108002	null	null
2108003	1	2	1	2108003	null	null
2108004	1	2	1	2108004	null	null
2108005	1	2	1	2108005	null	null
2108006	1	2	1	2108006	null	null
2108007	1	2	1	2108007	null	null
2108008	1	2	1	2108008	null	null
2109000	2	2	1	2109000	null	null
2109001	1	2	1	2109001	null	null
2109002	1	2	1	2109002	null	null
2109003	1	2	1	2109003	null	null
2109004	1	2	1	2109004	null	null
2109005	1	2	1	2109005	null	null
2109006	1	2	1	2109006	null	null
2109007	1	2	1	2109007	null	null
2109008	1	2	1	2109008	null	null
2110000	2	2	1	2110000	null	null
2110001	1	2	1	2110001	null	null
2110002	1	2	1	2110002	null	null
2110003	1	2	1	2110003	null	null
2110004	1	2	1	2110004	null	null
2110005	1	2	1	2110005	null	null
2110006	1	2	1	2110006	null	null
2110007	1	2	1	2110007	null	null
2110008	1	2	1	2110008	null	null
2111000	2	2	1	2111000	null	null
2111001	1	2	1	2111001	null	null
2111002	1	2	1	2111002	null	null
2111003	1	2	1	2111003	null	null
2111004	1	2	1	2111004	null	null
2111005	1	2	1	2111005	null	null
2111006	1	2	1	2111006	null	null
2111007	1	2	1	2111007	null	null
2111008	1	2	1	2111008	null	null
2112000	2	2	1	2112000	null	null
2112001	1	2	1	2112001	null	null
2112002	1	2	1	2112002	null	null
2112003	1	2	1	2112003	null	null
2112004	1	2	1	2112004	null	null
2112005	1	2	1	2112005	null	null
2112006	1	2	1	2112006	null	null
2112007	1	2	1	2112007	null	null
2112008	1	2	1	2112008	null	null
2113000	2	2	1	2113000	null	null
2113001	1	2	1	2113001	null	null
2113002	1	2	1	2113002	null	null
2113003	1	2	1	2113003	null	null
2113004	1	2	1	2113004	null	null
2113005	1	2	1	2113005	null	null
2113006	1	2	1	2113006	null	null
2113007	1	2	1	2113007	null	null
2113008	1	2	1	2113008	null	null
2114000	2	2	1	2114000	null	null
2114001	1	2	1	2114001	null	null
2114002	1	2	1	2114002	null	null
2114003	1	2	1	2114003	null	null
2114004	1	2	1	2114004	null	null
2114005	1	2	1	2114005	null	null
2114006	1	2	1	2114006	null	null
2114007	1	2	1	2114007	null	null
2114008	1	2	1	2114008	null	null
2115000	2	2	1	2115000	null	null
2115001	1	2	1	2115001	null	null
2115002	1	2	1	2115002	null	null
2115003	1	2	1	2115003	null	null
2115004	1	2	1	2115004	null	null
2115005	1	2	1	2115005	null	null
2115006	1	2	1	2115006	null	null
2115007	1	2	1	2115007	null	null
2115008	1	2	1	2115008	null	null
2116000	2	2	1	2116000	null	null
2116001	1	2	1	2116001	null	null
2116002	1	2	1	2116002	null	null
2116003	1	2	1	2116003	null	null
2116004	1	2	1	2116004	null	null
2116005	1	2	1	2116005	null	null
2116006	1	2	1	2116006	null	null
2116007	1	2	1	2116007	null	null
2116008	1	2	1	2116008	null	null
2117000	2	2	1	2117000	null	null
2117001	1	2	1	2117001	null	null
2117002	1	2	1	2117002	null	null
2117003	1	2	1	2117003	null	null
2117004	1	2	1	2117004	null	null
2117005	1	2	1	2117005	null	null
2117006	1	2	1	2117006	null	null
2117007	1	2	1	2117007	null	null
2117008	1	2	1	2117008	null	null
2118000	2	2	1	2118000	null	null
2118001	1	2	1	2118001	null	null
2118002	1	2	1	2118002	null	null
2118003	1	2	1	2118003	null	null
2118004	1	2	1	2118004	null	null
2118005	1	2	1	2118005	null	null
2118006	1	2	1	2118006	null	null
2118007	1	2	1	2118007	null	null
2118008	1	2	1	2118008	null	null
2119000	2	2	1	2119000	null	null
2119001	1	2	1	2119001	null	null
2119002	1	2	1	2119002	null	null
2119003	1	2	1	2119003	null	null
2119004	1	2	1	2119004	null	null
2119005	1	2	1	2119005	null	null
2119006	1	2	1	2119006	null	null
2119007	1	2	1	2119007	null	null
2119008	1	2	1	2119008	null	null
2120000	2	2	1	2120000	null	null
2120001	1	2	1	2120001	null	null
2120002	1	2	1	2120002	null	null
2120003	1	2	1	2120003	null	null
2120004	1	2	1	2120004	null	null
2120005	1	2	1	2120005	null	null
2120006	1	2	1	2120006	null	null
2120007	1	2	1	2120007	null	null
2120008	1	2	1	2120008	null	null
2121000	2	2	1	2121000	null	null
2121001	1	2	1	2121001	null	null
2121002	1	2	1	2121002	null	null
2121003	1	2	1	2121003	null	null
2121004	1	2	1	2121004	null	null
2121005	1	2	1	2121005	null	null
2121006	1	2	1	2121006	null	null
2121007	1	2	1	2121007	null	null
2121008	1	2	1	2121008	null	null
2122000	2	2	1	2122000	null	null
2122001	1	2	1	2122001	null	null
2122002	1	2	1	2122002	null	null
2122003	1	2	1	2122003	null	null
2122004	1	2	1	2122004	null	null
2122005	1	2	1	2122005	null	null
2122006	1	2	1	2122006	null	null
2122007	1	2	1	2122007	null	null
2122008	1	2	1	2122008	null	null
2123000	2	2	1	2123000	null	null
2123001	1	2	1	2123001	null	null
2123002	1	2	1	2123002	null	null
2123003	1	2	1	2123003	null	null
2123004	1	2	1	2123004	null	null
2123005	1	2	1	2123005	null	null
2123006	1	2	1	2123006	null	null
2123007	1	2	1	2123007	null	null
2123008	1	2	1	2123008	null	null
2124000	2	2	1	2124000	null	null
2124001	1	2	1	2124001	null	null
2124002	1	2	1	2124002	null	null
2124003	1	2	1	2124003	null	null
2124004	1	2	1	2124004	null	null
2124005	1	2	1	2124005	null	null
2124006	1	2	1	2124006	null	null
2124007	1	2	1	2124007	null	null
2124008	1	2	1	2124008	null	null
2125000	2	2	1	2125000	null	null
2125001	1	2	1	2125001	null	null
2125002	1	2	1	2125002	null	null
2125003	1	2	1	2125003	null	null
2125004	1	2	1	2125004	null	null
2125005	1	2	1	2125005	null	null
2125006	1	2	1	2125006	null	null
2125007	1	2	1	2125007	null	null
2125008	1	2	1	2125008	null	null
2126000	2	2	1	2126000	null	null
2126001	1	2	1	2126001	null	null
2126002	1	2	1	2126002	null	null
2126003	1	2	1	2126003	null	null
2126004	1	2	1	2126004	null	null
2126005	1	2	1	2126005	null	null
2126006	1	2	1	2126006	null	null
2126007	1	2	1	2126007	null	null
2126008	1	2	1	2126008	null	null
2127000	2	2	1	2127000	null	null
2127001	1	2	1	2127001	null	null
2127002	1	2	1	2127002	null	null
2127003	1	2	1	2127003	null	null
2127004	1	2	1	2127004	null	null
2127005	1	2	1	2127005	null	null
2127006	1	2	1	2127006	null	null
2127007	1	2	1	2127007	null	null
2127008	1	2	1	2127008	null	null
2128000	2	2	1	2128000	null	null
2128001	1	2	1	2128001	null	null
2128002	1	2	1	2128002	null	null
2128003	1	2	1	2128003	null	null
2128004	1	2	1	2128004	null	null
2128005	1	2	1	2128005	null	null
2128006	1	2	1	2128006	null	null
2128007	1	2	1	2128007	null	null
2128008	1	2	1	2128008	null	null
2129000	2	2	1	2129000	null	null
2129001	1	2	1	2129001	null	null
2129002	1	2	1	2129002	null	null
2129003	1	2	1	2129003	null	null
2129004	1	2	1	2129004	null	null
2129005	1	2	1	2129005	null	null
2129006	1	2	1	2129006	null	null
2129007	1	2	1	2129007	null	null
2129008	1	2	1	2129008	null	null
2130000	2	2	1	2130000	null	null
2130001	1	2	1	2130001	null	null
2130002	1	2	1	2130002	null	null
2130003	1	2	1	2130003	null	null
2130004	1	2	1	2130004	null	null
2130005	1	2	1	2130005	null	null
2130006	1	2	1	2130006	null	null
2130007	1	2	1	2130007	null	null
2130008	1	2	1	2130008	null	null
2131000	2	2	1	2131000	null	null
2131001	1	2	1	2131001	null	null
2131002	1	2	1	2131002	null	null
2131003	1	2	1	2131003	null	null
2131004	1	2	1	2131004	null	null
2131005	1	2	1	2131005	null	null
2131006	1	2	1	2131006	null	null
2131007	1	2	1	2131007	null	null
2131008	1	2	1	2131008	null	null
2132000	2	2	1	2132000	null	null
2132001	1	2	1	2132001	null	null
2132002	1	2	1	2132002	null	null
2132003	1	2	1	2132003	null	null
2132004	1	2	1	2132004	null	null
2132005	1	2	1	2132005	null	null
2132006	1	2	1	2132006	null	null
2132007	1	2	1	2132007	null	null
2132008	1	2	1	2132008	null	null
2133000	2	2	1	2133000	null	null
2133001	1	2	1	2133001	null	null
2133002	1	2	1	2133002	null	null
2133003	1	2	1	2133003	null	null
2133004	1	2	1	2133004	null	null
2133005	1	2	1	2133005	null	null
2133006	1	2	1	2133006	null	null
2133007	1	2	1	2133007	null	null
2133008	1	2	1	2133008	null	null
2134000	2	2	1	2134000	null	null
2134001	1	2	1	2134001	null	null
2134002	1	2	1	2134002	null	null
2134003	1	2	1	2134003	null	null
2134004	1	2	1	2134004	null	null
2134005	1	2	1	2134005	null	null
2134006	1	2	1	2134006	null	null
2134007	1	2	1	2134007	null	null
2134008	1	2	1	2134008	null	null
2135000	2	2	1	2135000	null	null
2135001	1	2	1	2135001	null	null
2135002	1	2	1	2135002	null	null
2135003	1	2	1	2135003	null	null
2135004	1	2	1	2135004	null	null
2135005	1	2	1	2135005	null	null
2135006	1	2	1	2135006	null	null
2135007	1	2	1	2135007	null	null
2135008	1	2	1	2135008	null	null
2136000	2	2	1	2136000	null	null
2136001	1	2	1	2136001	null	null
2136002	1	2	1	2136002	null	null
2136003	1	2	1	2136003	null	null
2136004	1	2	1	2136004	null	null
2136005	1	2	1	2136005	null	null
2136006	1	2	1	2136006	null	null
2136007	1	2	1	2136007	null	null
2136008	1	2	1	2136008	null	null
2137000	2	2	1	2137000	null	null
2137001	1	2	1	2137001	null	null
2137002	1	2	1	2137002	null	null
2137003	1	2	1	2137003	null	null
2137004	1	2	1	2137004	null	null
2137005	1	2	1	2137005	null	null
2137006	1	2	1	2137006	null	null
2137007	1	2	1	2137007	null	null
2137008	1	2	1	2137008	null	null
2138000	2	2	1	2138000	null	null
2138001	1	2	1	2138001	null	null
2138002	1	2	1	2138002	null	null
2138003	1	2	1	2138003	null	null
2138004	1	2	1	2138004	null	null
2138005	1	2	1	2138005	null	null
2138006	1	2	1	2138006	null	null
2138007	1	2	1	2138007	null	null
2138008	1	2	1	2138008	null	null
2139000	2	2	1	2139000	null	null
2139001	1	2	1	2139001	null	null
2139002	1	2	1	2139002	null	null
2139003	1	2	1	2139003	null	null
2139004	1	2	1	2139004	null	null
2139005	1	2	1	2139005	null	null
2139006	1	2	1	2139006	null	null
2139007	1	2	1	2139007	null	null
2139008	1	2	1	2139008	null	null
2140000	2	2	1	2140000	null	null
2140001	1	2	1	2140001	null	null
2140002	1	2	1	2140002	null	null
2140003	1	2	1	2140003	null	null
2140004	1	2	1	2140004	null	null
2140005	1	2	1	2140005	null	null
2140006	1	2	1	2140006	null	null
2140007	1	2	1	2140007	null	null
2140008	1	2	1	2140008	null	null
2141000	2	2	1	2141000	null	null
2141001	1	2	1	2141001	null	null
2141002	1	2	1	2141002	null	null
2141003	1	2	1	2141003	null	null
2141004	1	2	1	2141004	null	null
2141005	1	2	1	2141005	null	null
2141006	1	2	1	2141006	null	null
2141007	1	2	1	2141007	null	null
2141008	1	2	1	2141008	null	null
2142000	2	2	1	2142000	null	null
2142001	1	2	1	2142001	null	null
2142002	1	2	1	2142002	null	null
2142003	1	2	1	2142003	null	null
2142004	1	2	1	2142004	null	null
2142005	1	2	1	2142005	null	null
2142006	1	2	1	2142006	null	null
2142007	1	2	1	2142007	null	null
2142008	1	2	1	2142008	null	null
2143000	2	2	1	2143000	null	null
2143001	1	2	1	2143001	null	null
2143002	1	2	1	2143002	null	null
2143003	1	2	1	2143003	null	null
2143004	1	2	1	2143004	null	null
2143005	1	2	1	2143005	null	null
2143006	1	2	1	2143006	null	null
2143007	1	2	1	2143007	null	null
2143008	1	2	1	2143008	null	null
2144000	2	2	1	2144000	null	null
2144001	1	2	1	2144001	null	null
2144002	1	2	1	2144002	null	null
2144003	1	2	1	2144003	null	null
2144004	1	2	1	2144004	null	null
2144005	1	2	1	2144005	null	null
2144006	1	2	1	2144006	null	null
2144007	1	2	1	2144007	null	null
2144008	1	2	1	2144008	null	null
2145000	2	2	1	2145000	null	null
2145001	1	2	1	2145001	null	null
2145002	1	2	1	2145002	null	null
2145003	1	2	1	2145003	null	null
2145004	1	2	1	2145004	null	null
2145005	1	2	1	2145005	null	null
2145006	1	2	1	2145006	null	null
2145007	1	2	1	2145007	null	null
2145008	1	2	1	2145008	null	null
2146000	2	2	1	2146000	null	null
2146001	1	2	1	2146001	null	null
2146002	1	2	1	2146002	null	null
2146003	1	2	1	2146003	null	null
2146004	1	2	1	2146004	null	null
2146005	1	2	1	2146005	null	null
2146006	1	2	1	2146006	null	null
2146007	1	2	1	2146007	null	null
2146008	1	2	1	2146008	null	null
2147000	2	2	1	2147000	null	null
2147001	1	2	1	2147001	null	null
2147002	1	2	1	2147002	null	null
2147003	1	2	1	2147003	null	null
2147004	1	2	1	2147004	null	null
2147005	1	2	1	2147005	null	null
2147006	1	2	1	2147006	null	null
2147007	1	2	1	2147007	null	null
2147008	1	2	1	2147008	null	null
2148000	2	2	1	2148000	null	null
2148001	1	2	1	2148001	null	null
2148002	1	2	1	2148002	null	null
2148003	1	2	1	2148003	null	null
2148004	1	2	1	2148004	null	null
2148005	1	2	1	2148005	null	null
2148006	1	2	1	2148006	null	null
2148007	1	2	1	2148007	null	null
2148008	1	2	1	2148008	null	null
2149000	2	2	1	2149000	null	null
2149001	1	2	1	2149001	null	null
2149002	1	2	1	2149002	null	null
2149003	1	2	1	2149003	null	null
2149004	1	2	1	2149004	null	null
2149005	1	2	1	2149005	null	null
2149006	1	2	1	2149006	null	null
2149007	1	2	1	2149007	null	null
2149008	1	2	1	2149008	null	null
2150000	2	2	1	2150000	null	null
2150001	1	2	1	2150001	null	null
2150002	1	2	1	2150002	null	null
2150003	1	2	1	2150003	null	null
2150004	1	2	1	2150004	null	null
2150005	1	2	1	2150005	null	null
2150006	1	2	1	2150006	null	null
2150007	1	2	1	2150007	null	null
2150008	1	2	1	2150008	null	null
2151000	2	2	1	2151000	null	null
2151001	1	2	1	2151001	null	null
2151002	1	2	1	2151002	null	null
2151003	1	2	1	2151003	null	null
2151004	1	2	1	2151004	null	null
2151005	1	2	1	2151005	null	null
2151006	1	2	1	2151006	null	null
2151007	1	2	1	2151007	null	null
2151008	1	2	1	2151008	null	null
2152000	2	2	1	2152000	null	null
2152001	1	2	1	2152001	null	null
2152002	1	2	1	2152002	null	null
2152003	1	2	1	2152003	null	null
2152004	1	2	1	2152004	null	null
2152005	1	2	1	2152005	null	null
2152006	1	2	1	2152006	null	null
2152007	1	2	1	2152007	null	null
2152008	1	2	1	2152008	null	null
2153000	2	2	1	2153000	null	null
2153001	1	2	1	2153001	null	null
2153002	1	2	1	2153002	null	null
2153003	1	2	1	2153003	null	null
2153004	1	2	1	2153004	null	null
2153005	1	2	1	2153005	null	null
2153006	1	2	1	2153006	null	null
2153007	1	2	1	2153007	null	null
2153008	1	2	1	2153008	null	null
2154000	2	2	1	2154000	null	null
2154001	1	2	1	2154001	null	null
2154002	1	2	1	2154002	null	null
2154003	1	2	1	2154003	null	null
2154004	1	2	1	2154004	null	null
2154005	1	2	1	2154005	null	null
2154006	1	2	1	2154006	null	null
2154007	1	2	1	2154007	null	null
2154008	1	2	1	2154008	null	null
2155000	2	2	1	2155000	null	null
2155001	1	2	1	2155001	null	null
2155002	1	2	1	2155002	null	null
2155003	1	2	1	2155003	null	null
2155004	1	2	1	2155004	null	null
2155005	1	2	1	2155005	null	null
2155006	1	2	1	2155006	null	null
2155007	1	2	1	2155007	null	null
2155008	1	2	1	2155008	null	null
2156000	2	2	1	2156000	null	null
2156001	1	2	1	2156001	null	null
2156002	1	2	1	2156002	null	null
2156003	1	2	1	2156003	null	null
2156004	1	2	1	2156004	null	null
2156005	1	2	1	2156005	null	null
2156006	1	2	1	2156006	null	null
2156007	1	2	1	2156007	null	null
2156008	1	2	1	2156008	null	null
2157000	2	2	1	2157000	null	null
2157001	1	2	1	2157001	null	null
2157002	1	2	1	2157002	null	null
2157003	1	2	1	2157003	null	null
2157004	1	2	1	2157004	null	null
2157005	1	2	1	2157005	null	null
2157006	1	2	1	2157006	null	null
2157007	1	2	1	2157007	null	null
2157008	1	2	1	2157008	null	null
2158000	2	2	1	2158000	null	null
2158001	1	2	1	2158001	null	null
2158002	1	2	1	2158002	null	null
2158003	1	2	1	2158003	null	null
2158004	1	2	1	2158004	null	null
2158005	1	2	1	2158005	null	null
2158006	1	2	1	2158006	null	null
2158007	1	2	1	2158007	null	null
2158008	1	2	1	2158008	null	null
2159000	2	2	1	2159000	null	null
2159001	1	2	1	2159001	null	null
2159002	1	2	1	2159002	null	null
2159003	1	2	1	2159003	null	null
2159004	1	2	1	2159004	null	null
2159005	1	2	1	2159005	null	null
2159006	1	2	1	2159006	null	null
2159007	1	2	1	2159007	null	null
2159008	1	2	1	2159008	null	null
2160000	2	2	1	2160000	null	null
2160001	1	2	1	2160001	null	null
2160002	1	2	1	2160002	null	null
2160003	1	2	1	2160003	null	null
2160004	1	2	1	2160004	null	null
2160005	1	2	1	2160005	null	null
2160006	1	2	1	2160006	null	null
2160007	1	2	1	2160007	null	null
2160008	1	2	1	2160008	null	null
2161000	2	2	1	2161000	null	null
2161001	1	2	1	2161001	null	null
2161002	1	2	1	2161002	null	null
2161003	1	2	1	2161003	null	null
2161004	1	2	1	2161004	null	null
2161005	1	2	1	2161005	null	null
2161006	1	2	1	2161006	null	null
2161007	1	2	1	2161007	null	null
2161008	1	2	1	2161008	null	null
2162000	2	2	1	2162000	null	null
2162001	1	2	1	2162001	null	null
2162002	1	2	1	2162002	null	null
2162003	1	2	1	2162003	null	null
2162004	1	2	1	2162004	null	null
2162005	1	2	1	2162005	null	null
2162006	1	2	1	2162006	null	null
2162007	1	2	1	2162007	null	null
2162008	1	2	1	2162008	null	null
2163000	2	2	1	2163000	null	null
2163001	1	2	1	2163001	null	null
2163002	1	2	1	2163002	null	null
2163003	1	2	1	2163003	null	null
2163004	1	2	1	2163004	null	null
2163005	1	2	1	2163005	null	null
2163006	1	2	1	2163006	null	null
2163007	1	2	1	2163007	null	null
2163008	1	2	1	2163008	null	null
2164000	2	2	1	2164000	null	null
2164001	1	2	1	2164001	null	null
2164002	1	2	1	2164002	null	null
2164003	1	2	1	2164003	null	null
2164004	1	2	1	2164004	null	null
2164005	1	2	1	2164005	null	null
2164006	1	2	1	2164006	null	null
2164007	1	2	1	2164007	null	null
2164008	1	2	1	2164008	null	null
2165000	2	2	1	2165000	null	null
2165001	1	2	1	2165001	null	null
2165002	1	2	1	2165002	null	null
2165003	1	2	1	2165003	null	null
2165004	1	2	1	2165004	null	null
2165005	1	2	1	2165005	null	null
2165006	1	2	1	2165006	null	null
2165007	1	2	1	2165007	null	null
2165008	1	2	1	2165008	null	null
2166000	2	2	1	2166000	null	null
2166001	1	2	1	2166001	null	null
2166002	1	2	1	2166002	null	null
2166003	1	2	1	2166003	null	null
2166004	1	2	1	2166004	null	null
2166005	1	2	1	2166005	null	null
2166006	1	2	1	2166006	null	null
2166007	1	2	1	2166007	null	null
2166008	1	2	1	2166008	null	null
2167000	2	2	1	2167000	null	null
2167001	1	2	1	2167001	null	null
2167002	1	2	1	2167002	null	null
2167003	1	2	1	2167003	null	null
2167004	1	2	1	2167004	null	null
2167005	1	2	1	2167005	null	null
2167006	1	2	1	2167006	null	null
2167007	1	2	1	2167007	null	null
2167008	1	2	1	2167008	null	null
2168000	2	2	1	2168000	null	null
2168001	1	2	1	2168001	null	null
2168002	1	2	1	2168002	null	null
2168003	1	2	1	2168003	null	null
2168004	1	2	1	2168004	null	null
2168005	1	2	1	2168005	null	null
2168006	1	2	1	2168006	null	null
2168007	1	2	1	2168007	null	null
2168008	1	2	1	2168008	null	null
2169000	2	2	1	2169000	null	null
2169001	1	2	1	2169001	null	null
2169002	1	2	1	2169002	null	null
2169003	1	2	1	2169003	null	null
2169004	1	2	1	2169004	null	null
2169005	1	2	1	2169005	null	null
2169006	1	2	1	2169006	null	null
2169007	1	2	1	2169007	null	null
2169008	1	2	1	2169008	null	null
2170000	2	2	1	2170000	null	null
2170001	1	2	1	2170001	null	null
2170002	1	2	1	2170002	null	null
2170003	1	2	1	2170003	null	null
2170004	1	2	1	2170004	null	null
2170005	1	2	1	2170005	null	null
2170006	1	2	1	2170006	null	null
2170007	1	2	1	2170007	null	null
2170008	1	2	1	2170008	null	null
2171000	2	2	1	2171000	null	null
2171001	1	2	1	2171001	null	null
2171002	1	2	1	2171002	null	null
2171003	1	2	1	2171003	null	null
2171004	1	2	1	2171004	null	null
2171005	1	2	1	2171005	null	null
2171006	1	2	1	2171006	null	null
2171007	1	2	1	2171007	null	null
2171008	1	2	1	2171008	null	null
2172000	2	2	1	2172000	null	null
2172001	1	2	1	2172001	null	null
2172002	1	2	1	2172002	null	null
2172003	1	2	1	2172003	null	null
2172004	1	2	1	2172004	null	null
2172005	1	2	1	2172005	null	null
2172006	1	2	1	2172006	null	null
2172007	1	2	1	2172007	null	null
2172008	1	2	1	2172008	null	null
2173000	2	2	1	2173000	null	null
2173001	1	2	1	2173001	null	null
2173002	1	2	1	2173002	null	null
2173003	1	2	1	2173003	null	null
2173004	1	2	1	2173004	null	null
2173005	1	2	1	2173005	null	null
2173006	1	2	1	2173006	null	null
2173007	1	2	1	2173007	null	null
2173008	1	2	1	2173008	null	null
2174000	2	2	1	2174000	null	null
2174001	1	2	1	2174001	null	null
2174002	1	2	1	2174002	null	null
2174003	1	2	1	2174003	null	null
2174004	1	2	1	2174004	null	null
2174005	1	2	1	2174005	null	null
2174006	1	2	1	2174006	null	null
2174007	1	2	1	2174007	null	null
2174008	1	2	1	2174008	null	null
2175000	2	2	1	2175000	null	null
2175001	1	2	1	2175001	null	null
2175002	1	2	1	2175002	null	null
2175003	1	2	1	2175003	null	null
2175004	1	2	1	2175004	null	null
2175005	1	2	1	2175005	null	null
2175006	1	2	1	2175006	null	null
2175007	1	2	1	2175007	null	null
2175008	1	2	1	2175008	null	null
2176000	2	2	1	2176000	null	null
2176001	1	2	1	2176001	null	null
2176002	1	2	1	2176002	null	null
2176003	1	2	1	2176003	null	null
2176004	1	2	1	2176004	null	null
2176005	1	2	1	2176005	null	null
2176006	1	2	1	2176006	null	null
2176007	1	2	1	2176007	null	null
2176008	1	2	1	2176008	null	null
2177000	2	2	1	2177000	null	null
2177001	1	2	1	2177001	null	null
2177002	1	2	1	2177002	null	null
2177003	1	2	1	2177003	null	null
2177004	1	2	1	2177004	null	null
2177005	1	2	1	2177005	null	null
2177006	1	2	1	2177006	null	null
2177007	1	2	1	2177007	null	null
2177008	1	2	1	2177008	null	null
2178000	2	2	1	2178000	null	null
2178001	1	2	1	2178001	null	null
2178002	1	2	1	2178002	null	null
2178003	1	2	1	2178003	null	null
2178004	1	2	1	2178004	null	null
2178005	1	2	1	2178005	null	null
2178006	1	2	1	2178006	null	null
2178007	1	2	1	2178007	null	null
2178008	1	2	1	2178008	null	null
2179000	2	2	1	2179000	null	null
2179001	1	2	1	2179001	null	null
2179002	1	2	1	2179002	null	null
2179003	1	2	1	2179003	null	null
2179004	1	2	1	2179004	null	null
2179005	1	2	1	2179005	null	null
2179006	1	2	1	2179006	null	null
2179007	1	2	1	2179007	null	null
2179008	1	2	1	2179008	null	null
2180000	2	2	1	2180000	null	null
2180001	1	2	1	2180001	null	null
2180002	1	2	1	2180002	null	null
2180003	1	2	1	2180003	null	null
2180004	1	2	1	2180004	null	null
2180005	1	2	1	2180005	null	null
2180006	1	2	1	2180006	null	null
2180007	1	2	1	2180007	null	null
2180008	1	2	1	2180008	null	null
2181000	2	2	1	2181000	null	null
2181001	1	2	1	2181001	null	null
2181002	1	2	1	2181002	null	null
2181003	1	2	1	2181003	null	null
2181004	1	2	1	2181004	null	null
2181005	1	2	1	2181005	null	null
2181006	1	2	1	2181006	null	null
2181007	1	2	1	2181007	null	null
2181008	1	2	1	2181008	null	null
2182000	2	2	1	2182000	null	null
2182001	1	2	1	2182001	null	null
2182002	1	2	1	2182002	null	null
2182003	1	2	1	2182003	null	null
2182004	1	2	1	2182004	null	null
2182005	1	2	1	2182005	null	null
2182006	1	2	1	2182006	null	null
2182007	1	2	1	2182007	null	null
2182008	1	2	1	2182008	null	null
2183000	2	2	1	2183000	null	null
2183001	1	2	1	2183001	null	null
2183002	1	2	1	2183002	null	null
2183003	1	2	1	2183003	null	null
2183004	1	2	1	2183004	null	null
2183005	1	2	1	2183005	null	null
2183006	1	2	1	2183006	null	null
2183007	1	2	1	2183007	null	null
2183008	1	2	1	2183008	null	null
2184000	2	2	1	2184000	null	null
2184001	1	2	1	2184001	null	null
2184002	1	2	1	2184002	null	null
2184003	1	2	1	2184003	null	null
2184004	1	2	1	2184004	null	null
2184005	1	2	1	2184005	null	null
2184006	1	2	1	2184006	null	null
2184007	1	2	1	2184007	null	null
2184008	1	2	1	2184008	null	null
2185000	2	2	1	2185000	null	null
2185001	1	2	1	2185001	null	null
2185002	1	2	1	2185002	null	null
2185003	1	2	1	2185003	null	null
2185004	1	2	1	2185004	null	null
2185005	1	2	1	2185005	null	null
2185006	1	2	1	2185006	null	null
2185007	1	2	1	2185007	null	null
2185008	1	2	1	2185008	null	null
2186000	2	2	1	2186000	null	null
2186001	1	2	1	2186001	null	null
2186002	1	2	1	2186002	null	null
2186003	1	2	1	2186003	null	null
2186004	1	2	1	2186004	null	null
2186005	1	2	1	2186005	null	null
2186006	1	2	1	2186006	null	null
2186007	1	2	1	2186007	null	null
2186008	1	2	1	2186008	null	null
2187000	2	2	1	2187000	null	null
2187001	1	2	1	2187001	null	null
2187002	1	2	1	2187002	null	null
2187003	1	2	1	2187003	null	null
2187004	1	2	1	2187004	null	null
2187005	1	2	1	2187005	null	null
2187006	1	2	1	2187006	null	null
2187007	1	2	1	2187007	null	null
2187008	1	2	1	2187008	null	null
2188000	2	2	1	2188000	null	null
2188001	1	2	1	2188001	null	null
2188002	1	2	1	2188002	null	null
2188003	1	2	1	2188003	null	null
2188004	1	2	1	2188004	null	null
2188005	1	2	1	2188005	null	null
2188006	1	2	1	2188006	null	null
2188007	1	2	1	2188007	null	null
2188008	1	2	1	2188008	null	null
2189000	2	2	1	2189000	null	null
2189001	1	2	1	2189001	null	null
2189002	1	2	1	2189002	null	null
2189003	1	2	1	2189003	null	null
2189004	1	2	1	2189004	null	null
2189005	1	2	1	2189005	null	null
2189006	1	2	1	2189006	null	null
2189007	1	2	1	2189007	null	null
2189008	1	2	1	2189008	null	null
2190000	2	2	1	2190000	null	null
2190001	1	2	1	2190001	null	null
2190002	1	2	1	2190002	null	null
2190003	1	2	1	2190003	null	null
2190004	1	2	1	2190004	null	null
2190005	1	2	1	2190005	null	null
2190006	1	2	1	2190006	null	null
2190007	1	2	1	2190007	null	null
2190008	1	2	1	2190008	null	null
2191000	2	2	1	2191000	null	null
2191001	1	2	1	2191001	null	null
2191002	1	2	1	2191002	null	null
2191003	1	2	1	2191003	null	null
2191004	1	2	1	2191004	null	null
2191005	1	2	1	2191005	null	null
2191006	1	2	1	2191006	null	null
2191007	1	2	1	2191007	null	null
2191008	1	2	1	2191008	null	null
2192000	2	2	1	2192000	null	null
2192001	1	2	1	2192001	null	null
2192002	1	2	1	2192002	null	null
2192003	1	2	1	2192003	null	null
2192004	1	2	1	2192004	null	null
2192005	1	2	1	2192005	null	null
2192006	1	2	1	2192006	null	null
2192007	1	2	1	2192007	null	null
2192008	1	2	1	2192008	null	null
2193000	2	2	1	2193000	null	null
2193001	1	2	1	2193001	null	null
2193002	1	2	1	2193002	null	null
2193003	1	2	1	2193003	null	null
2193004	1	2	1	2193004	null	null
2193005	1	2	1	2193005	null	null
2193006	1	2	1	2193006	null	null
2193007	1	2	1	2193007	null	null
2193008	1	2	1	2193008	null	null
2194000	2	2	1	2194000	null	null
2194001	1	2	1	2194001	null	null
2194002	1	2	1	2194002	null	null
2194003	1	2	1	2194003	null	null
2194004	1	2	1	2194004	null	null
2194005	1	2	1	2194005	null	null
2194006	1	2	1	2194006	null	null
2194007	1	2	1	2194007	null	null
2194008	1	2	1	2194008	null	null
2195000	2	2	1	2195000	null	null
2195001	1	2	1	2195001	null	null
2195002	1	2	1	2195002	null	null
2195003	1	2	1	2195003	null	null
2195004	1	2	1	2195004	null	null
2195005	1	2	1	2195005	null	null
2195006	1	2	1	2195006	null	null
2195007	1	2	1	2195007	null	null
2195008	1	2	1	2195008	null	null
2196000	2	2	1	2196000	null	null
2196001	1	2	1	2196001	null	null
2196002	1	2	1	2196002	null	null
2196003	1	2	1	2196003	null	null
2196004	1	2	1	2196004	null	null
2196005	1	2	1	2196005	null	null
2196006	1	2	1	2196006	null	null
2196007	1	2	1	2196007	null	null
2196008	1	2	1	2196008	null	null
2197000	2	2	1	2197000	null	null
2197001	1	2	1	2197001	null	null
2197002	1	2	1	2197002	null	null
2197003	1	2	1	2197003	null	null
2197004	1	2	1	2197004	null	null
2197005	1	2	1	2197005	null	null
2197006	1	2	1	2197006	null	null
2197007	1	2	1	2197007	null	null
2197008	1	2	1	2197008	null	null
2198000	2	2	1	2198000	null	null
2198001	1	2	1	2198001	null	null
2198002	1	2	1	2198002	null	null
2198003	1	2	1	2198003	null	null
2198004	1	2	1	2198004	null	null
2198005	1	2	1	2198005	null	null
2198006	1	2	1	2198006	null	null
2198007	1	2	1	2198007	null	null
2198008	1	2	1	2198008	null	null
2199000	2	2	1	2199000	null	null
2199001	1	2	1	2199001	null	null
2199002	1	2	1	2199002	null	null
2199003	1	2	1	2199003	null	null
2199004	1	2	1	2199004	null	null
2199005	1	2	1	2199005	null	null
2199006	1	2	1	2199006	null	null
2199007	1	2	1	2199007	null	null
2199008	1	2	1	2199008	null	null
2200000	2	2	1	2200000	null	null
2200001	1	2	1	2200001	null	null
2200002	1	2	1	2200002	null	null
2200003	1	2	1	2200003	null	null
2200004	1	2	1	2200004	null	null
2200005	1	2	1	2200005	null	null
2200006	1	2	1	2200006	null	null
2200007	1	2	1	2200007	null	null
2200008	1	2	1	2200008	null	null
4001046	1	3	1	40010461	null	null
4001047	1	3	1	40010471	null	null
4001048	1	3	1	40010481	null	null
4001049	1	3	1	40010491	null	null
4001050	1	3	1	40010501	null	null
4001051	1	3	1	40010511	null	null
4001052	1	3	1	40010521	null	null
4001053	1	3	1	40010531	null	null
4001054	11	3	1	40010541	null	null
