Id
int
10121
10122
10123
10124
10125
10126
10127
10128
10141
10142
10143
10144
10145
10146
10147
10148
10221
10222
10223
10321
10322
10323
10421
10422
10423
10424
10425
10426
10427
10428
10441
10442
10443
10444
10445
10446
10447
10448
10521
10522
10523
10524
10525
10526
10527
10528
10541
10542
10543
10544
10545
10546
10547
10548
10621
10622
10623
10624
10625
10626
10627
10628
10641
10642
10643
10644
10645
10646
10647
10648
10721
10722
10723
10724
10725
10726
10727
10728
10741
10742
10743
10744
10745
10746
10747
10748
10821
10822
10823
10824
10825
10826
10827
10828
10841
10842
10843
10844
10845
10846
10847
10848
10921
10922
10923
10924
10925
10926
10927
10928
10941
10942
10943
10944
10945
10946
10947
10948
11021
11022
11023
11024
11025
11026
11027
11028
11041
11042
11043
11044
11045
11046
11047
11048
11121
11221
11231
11321
11421
11521
11821
12121
12421
12422
12423
12424
12425
12426
12427
12428
12441
12442
12443
12444
12445
12446
12447
12448
20121
20122
20123
20124
20125
20126
20127
20128
20141
20142
20143
20144
20145
20146
20147
20148
20221
20222
20223
20224
20225
20226
20227
20228
20241
20242
20243
20244
20245
20246
20247
20248
20321
20322
20323
20324
20325
20326
20327
20328
20341
20342
20343
20344
20345
20346
20347
20348
20421
20422
20423
20521
20522
20523
20524
20525
20526
20527
20528
20541
20542
20543
20544
20545
20546
20547
20548
20621
20622
20623
20624
20625
20626
20627
20628
20631
20632
20633
20634
20635
20636
20637
20638
20641
20642
20643
20644
20645
20646
20647
20648
20721
20722
20723
20821
20822
20823
20824
20825
20826
20827
20828
20841
20842
20843
20844
20845
20846
20847
20848
20921
20922
20923
20924
20925
20926
20927
20928
20941
20942
20943
20944
20945
20946
20947
20948
21021
21121
21221
21321
21421
21921
22121
22321
22322
22323
22324
22325
22326
22327
22328
22341
22342
22343
22344
22345
22346
22347
22348
30121
30122
30123
30124
30125
30126
30127
30128
30141
30142
30143
30144
30145
30146
30147
30148
30221
30222
30223
30224
30225
30226
30227
30228
30241
30242
30243
30244
30245
30246
30247
30248
30321
30322
30323
30324
30325
30326
30327
30328
30341
30342
30343
30344
30345
30346
30347
30348
30421
30422
30423
30424
30425
30426
30427
30428
30441
30442
30443
30444
30445
30446
30447
30448
30521
30522
30523
30541
30542
30543
30621
30622
30623
30624
30625
30626
30627
30628
30641
30642
30643
30644
30645
30646
30647
30648
30721
30722
30723
30724
30725
30726
30727
30728
30741
30742
30743
30744
30745
30746
30747
30748
30821
30822
30823
30824
30825
30826
30827
30828
30841
30842
30843
30844
30845
30846
30847
30848
30921
30922
30923
30924
30925
30926
30927
30928
30941
30942
30943
30944
30945
30946
30947
30948
31021
31121
31221
31321
31322
31323
31421
31721
31731
32021
40121
40122
40123
40124
40125
40126
40127
40128
40141
40142
40143
40144
40145
40146
40147
40148
40221
40222
40223
40224
40225
40226
40227
40228
40241
40242
40243
40244
40245
40246
40247
40248
40321
40322
40323
40324
40325
40326
40327
40328
40341
40342
40343
40344
40345
40346
40347
40348
40421
40422
40423
40521
40522
40523
40524
40525
40526
40527
40528
40531
40532
40533
40534
40535
40536
40537
40538
40541
40542
40543
40544
40545
40546
40547
40548
40621
40622
40623
40624
40625
40626
40627
40628
40641
40642
40643
40644
40645
40646
40647
40648
40721
40722
40723
40724
40725
40726
40727
40728
40741
40742
40743
40744
40745
40746
40747
40748
40821
40822
40823
40824
40825
40826
40827
40828
40841
40842
40843
40844
40845
40846
40847
40848
40921
41021
41121
41221
41321
41421
41422
41423
41424
41425
41426
41427
41428
41441
41442
41443
41444
41445
41446
41447
41448
41521
41522
41523
41524
41525
41526
41527
41528
41541
41542
41543
41544
41545
41546
41547
41548
50121
50122
50123
50124
50125
50126
50127
50128
50141
50142
50143
50144
50145
50146
50147
50148
50221
50222
50223
50224
50225
50226
50227
50228
50241
50242
50243
50244
50245
50246
50247
50248
50321
50322
50323
50324
50325
50326
50327
50328
50341
50342
50343
50344
50345
50346
50347
50348
50421
50422
50423
50424
50425
50426
50427
50428
50441
50442
50443
50444
50445
50446
50447
50448
50521
50522
50523
50524
50525
50526
50527
50528
50541
50542
50543
50544
50545
50546
50547
50548
50621
50622
50623
50624
50625
50626
50627
50628
50641
50642
50643
50644
50645
50646
50647
50648
50721
50722
50723
50724
50725
50726
50727
50728
50741
50742
50743
50744
50745
50746
50747
50748
50821
50822
50823
50921
51021
51121
51131
51221
51231
51321
51421
51422
51423
51424
51425
51426
51427
51428
51441
51442
51443
51444
51445
51446
51447
51448
51521
51522
51523
51524
51525
51526
51527
51528
51541
51542
51543
51544
51545
51546
51547
51548
60001
60002
60003
60004
60011
60021
60031
60041
60051
60061
60071
60081
60091
60101
60111
60121
60131
60141
60151
60161
60171
60181
60191
60201
60211
60221
60231
60241
60251
60261
60271
60281
60291
60301
60311
60321
60331
60341
60351
60361
60371
60381
60391
60401
60411
60421
60431
60012
60022
60032
60042
60052
60062
60072
60082
60092
60102
60112
60122
60132
60142
60152
60162
60172
60182
60192
60202
60212
60222
60232
60242
60252
60262
60272
60282
60292
60302
60312
60322
60332
60342
60352
60362
60372
60382
60392
60402
60412
60422
60432
60013
60023
60033
60043
60053
60063
60073
60083
60093
60103
60113
60123
60133
60143
60153
60163
60173
60183
60193
60203
60213
60223
60233
60243
60253
60263
60273
60283
60293
60303
60313
60323
60333
60343
60353
60363
60373
60383
60393
60403
60413
60423
60433
60014
60024
60034
60044
60054
60064
60074
60084
60094
60104
60114
60124
60134
60144
60154
60164
60174
60184
60194
60204
60214
60224
60234
60244
60254
60264
60274
60284
60294
60304
60314
60324
60334
60344
60354
60364
60374
60384
60394
60404
60414
60424
60434
101101
101102
101103
101104
101105
101106
101107
101108
101109
101110
101111
101201
101202
101203
101204
101205
101206
101207
101208
101209
101210
101211
101212
101213
101214
101215
102101
102102
102103
102104
102105
102106
102107
102108
102109
102110
102111
102201
102202
102203
102204
102205
102206
102207
102208
102209
102210
102211
102212
102213
102214
102215
103101
103102
103103
103104
103105
103106
103107
103108
103109
103110
103111
103201
103202
103203
103204
103205
103206
103207
103208
103209
103210
103211
103212
103213
103214
103215
104101
104102
104103
104104
104105
104106
104107
104108
104109
104110
104111
104201
104202
104203
104204
104205
104206
104207
104208
104209
104210
104211
104212
104213
104214
104215
105101
105102
105103
105104
105105
105106
105107
105108
105109
105110
105111
105201
105202
105203
105204
105205
105206
105207
105208
105209
105210
105211
105212
105213
105214
105215
106101
106102
106103
106104
106105
106106
106107
106108
106109
106110
106111
106201
106202
106203
106204
106205
106206
106207
106208
106209
106210
106211
106212
106213
106214
106215
107101
107102
107103
107104
107105
107106
107107
107108
107109
107110
107111
107201
107202
107203
107204
107205
107206
107207
107208
107209
107210
107211
107212
107213
107214
107215
108101
108102
108103
108104
108105
108106
108107
108108
108109
108110
108111
108201
108202
108203
108204
108205
108206
108207
108208
108209
108210
108211
108212
108213
108214
108215
109101
109102
109103
109104
109105
109106
109107
109108
109109
109110
109201
109202
109203
109204
109205
109206
109207
109208
109209
109210
109211
109212
109213
109214
109215
110101
110102
110103
110104
110105
110106
110107
110108
110109
110110
110201
110202
110203
110204
110205
110206
110207
110208
110209
110210
110211
110212
110213
110214
110215
111101
111102
111103
111104
111105
111106
111107
111108
111109
111110
111201
111202
111203
111204
111205
111206
111207
111208
111209
111210
111211
111212
111213
111214
111215
112101
112102
112103
112104
112105
112106
112107
112108
112109
112110
112201
112202
112203
112204
112205
112206
112207
112208
112209
112210
112211
112212
112213
112214
112215
113101
113102
113103
113104
113105
113106
113107
113108
113109
113110
113111
113201
113202
113203
113204
113205
113206
113207
113208
113209
113210
113211
113212
113213
113214
113215
114101
114102
114103
114104
114105
114106
114107
114108
114109
114110
114111
114201
114202
114203
114204
114205
114206
114207
114208
114209
114210
114211
114212
114213
114214
114215
115101
115102
115103
115104
115105
115106
115107
115108
115109
115110
115111
115201
115202
115203
115204
115205
115206
115207
115208
115209
115210
115211
115212
115213
115214
115215
116101
116102
116103
116104
116105
116106
116107
116108
116109
116110
116111
116201
116202
116203
116204
116205
116206
116207
116208
116209
116210
116211
116212
116213
116214
116215
117101
117102
117103
117104
117105
117106
117107
117108
117109
117110
117111
117201
117202
117203
117204
117205
117206
117207
117208
117209
117210
117211
117212
117213
117214
117215
118101
118102
118103
118104
118105
118106
118107
118108
118109
118110
118111
118201
118202
118203
118204
118205
118206
118207
118208
118209
118210
118211
118212
118213
118214
118215
119101
119102
119103
119104
119105
119106
119107
119108
119109
119110
119111
119201
119202
119203
119204
119205
119206
119207
119208
119209
119210
119211
119212
119213
119214
119215
120101
120102
120103
120104
120105
120106
120107
120108
120109
120110
120111
120201
120202
120203
120204
120205
120206
120207
120208
120209
120210
120211
120212
120213
120214
120215
121101
121102
121103
121104
121105
121106
121107
121108
121109
121110
121111
121201
121202
121203
121204
121205
121206
121207
121208
121209
121210
121211
121212
121213
121214
121215
122101
122102
122103
122104
122105
122106
122107
122108
122109
122110
122201
122202
122203
122204
122205
122206
122207
122208
122209
122210
122211
122212
122213
122214
122215
123101
123102
123103
123104
123105
123106
123107
123108
123109
123110
123201
123202
123203
123204
123205
123206
123207
123208
123209
123210
123211
123212
123213
123214
123215
124101
124102
124103
124104
124105
124106
124107
124108
124109
124110
124201
124202
124203
124204
124205
124206
124207
124208
124209
124210
124211
124212
124213
124214
124215
125101
125102
125103
125104
125105
125106
125107
125108
125109
125110
125201
125202
125203
125204
125205
125206
125207
125208
125209
125210
125211
125212
125213
125214
125215
126101
126102
126103
126104
126105
126106
126107
126108
126109
126110
126111
126201
126202
126203
126204
126205
126206
126207
126208
126209
126210
126211
126212
126213
126214
126215
127101
127102
127103
127104
127105
127106
127107
127108
127109
127110
127111
127201
127202
127203
127204
127205
127206
127207
127208
127209
127210
127211
127212
127213
127214
127215
128101
128102
128103
128104
128105
128106
128107
128108
128109
128110
128111
128201
128202
128203
128204
128205
128206
128207
128208
128209
128210
128211
128212
128213
128214
128215
129101
129102
129103
129104
129105
129106
129107
129108
129109
129110
129111
129201
129202
129203
129204
129205
129206
129207
129208
129209
129210
129211
129212
129213
129214
129215
130101
130102
130103
130104
130105
130106
130107
130108
130109
130110
130111
130201
130202
130203
130204
130205
130206
130207
130208
130209
130210
130211
130212
130213
130214
130215
131101
131102
131103
131104
131105
131106
131107
131108
131109
131110
131111
131201
131202
131203
131204
131205
131206
131207
131208
131209
131210
131211
131212
131213
131214
131215
132101
132102
132103
132104
132105
132106
132107
132108
132109
132110
132111
132201
132202
132203
132204
132205
132206
132207
132208
132209
132210
132211
132212
132213
132214
132215
133101
133102
133103
133104
133105
133106
133107
133108
133109
133110
133111
133201
133202
133203
133204
133205
133206
133207
133208
133209
133210
133211
133212
133213
133214
133215
134101
134102
134103
134104
134105
134106
134107
134108
134109
134110
134111
134201
134202
134203
134204
134205
134206
134207
134208
134209
134210
134211
134212
134213
134214
134215
135101
135102
135103
135104
135105
135106
135107
135108
135109
135110
135201
135202
135203
135204
135205
135206
135207
135208
135209
135210
135211
135212
135213
135214
135215
136101
136102
136103
136104
136105
136106
136107
136108
136109
136110
136201
136202
136203
136204
136205
136206
136207
136208
136209
136210
136211
136212
136213
136214
136215
137101
137102
137103
137104
137105
137106
137107
137108
137109
137110
137201
137202
137203
137204
137205
137206
137207
137208
137209
137210
137211
137212
137213
137214
137215
138101
138102
138103
138104
138105
138106
138107
138108
138109
138110
138201
138202
138203
138204
138205
138206
138207
138208
138209
138210
138211
138212
138213
138214
138215
139101
139102
139103
139104
139105
139106
139107
139108
139109
139110
139111
139201
139202
139203
139204
139205
139206
139207
139208
139209
139210
139211
139212
139213
139214
139215
140101
140102
140103
140104
140105
140106
140107
140108
140109
140110
140111
140201
140202
140203
140204
140205
140206
140207
140208
140209
140210
140211
140212
140213
140214
140215
141101
141102
141103
141104
141105
141106
141107
141108
141109
141110
141111
141201
141202
141203
141204
141205
141206
141207
141208
141209
141210
141211
141212
141213
141214
141215
142101
142102
142103
142104
142105
142106
142107
142108
142109
142110
142111
142201
142202
142203
142204
142205
142206
142207
142208
142209
142210
142211
142212
142213
142214
142215
143101
143102
143103
143104
143105
143106
143107
143108
143109
143110
143111
143201
143202
143203
143204
143205
143206
143207
143208
143209
143210
143211
143212
143213
143214
143215
144101
144102
144103
144104
144105
144106
144107
144108
144109
144110
144111
144201
144202
144203
144204
144205
144206
144207
144208
144209
144210
144211
144212
144213
144214
144215
145101
145102
145103
145104
145105
145106
145107
145108
145109
145110
145111
145201
145202
145203
145204
145205
145206
145207
145208
145209
145210
145211
145212
145213
145214
145215
146101
146102
146103
146104
146105
146106
146107
146108
146109
146110
146111
146201
146202
146203
146204
146205
146206
146207
146208
146209
146210
146211
146212
146213
146214
146215
147101
147102
147103
147104
147105
147106
147107
147108
147109
147110
147111
147201
147202
147203
147204
147205
147206
147207
147208
147209
147210
147211
147212
147213
147214
147215
148101
148102
148103
148104
148105
148106
148107
148108
148109
148110
148201
148202
148203
148204
148205
148206
148207
148208
148209
148210
148211
148212
148213
148214
148215
149101
149102
149103
149104
149105
149106
149107
149108
149109
149110
149201
149202
149203
149204
149205
149206
149207
149208
149209
149210
149211
149212
149213
149214
149215
150101
150102
150103
150104
150105
150106
150107
150108
150109
150110
150201
150202
150203
150204
150205
150206
150207
150208
150209
150210
150211
150212
150213
150214
150215
151101
151102
151103
151104
151105
151106
151107
151108
151109
151110
151201
151202
151203
151204
151205
151206
151207
151208
151209
151210
151211
151212
151213
151214
151215
152101
152102
152103
152104
152105
152106
152107
152108
152109
152110
152111
152201
152202
152203
152204
152205
152206
152207
152208
152209
152210
152211
152212
152213
152214
152215
1000001
1000002
1000003
1000004
1000005
1000006
1000007
1000008
1000009
1000010
1000011
1000012
1000013
1000014
1000015
1000016
1000017
1000018
1000019
1000020
1000021
1000022
1000023
1000024
1000025
1000026
1000027
1000028
1000029
1000030
1000031
1000032
1000033
1000034
1000035
1000036
1000037
1000038
1000039
1000040
1000041
1000042
1000043
1000044
1000045
1000046
1000047
1000048
1000049
1000050
1000051
1000052
1000053
1000054
1000055
1000056
1000057
1000058
1000059
10057101
10057102
10057103
10057104
10057105
10057106
10058101
10058102
10058103
10058104
10058105
10058106
10059101
10059102
10059103
10059104
10059105
10059106
10060101
10060102
10060103
10060104
10060105
10060106
10061101
10061102
10061103
10061104
10061105
10061106
10062101
10062102
10062103
10062104
10062105
10062106
10063101
10063102
10063103
10063104
10063105
10063106
10064101
10064102
10064103
10064104
10064105
10064106
10065101
10065102
10065103
10065104
10065105
10065106
10066101
10066102
10066103
10066104
10066105
10066106
10067101
10067102
10067103
10067104
10067105
10067106
10068101
10068102
10068103
10068104
10068105
10068106
10069101
10069102
10069103
10069104
10069105
10069106
10070101
10070102
10070103
10070104
10070105
10070106
10071101
10071102
10071103
10071104
10071105
10071106
10072101
10072102
10072103
10072104
10072105
10072106
90101
90102
90103
90104
90105
90106
90107
90108
90109
90110
90201
90202
90203
90204
90205
90206
90207
90208
90209
90210
90301
90302
90303
90304
90305
90306
90307
90308
90309
90310
90401
90402
90403
90404
90405
90406
90407
90408
90409
90410
91001
91102
91203
91304
91405
91506
91607
91708
91809
91910
710203
710403
911711
911712
911713
911714
911715
911811
911812
911813
911814
911815
911911
911912
911913
911914
911915
912011
912012
912013
912014
912015
912111
912112
912113
912114
912115
912211
912212
912213
912214
912215
912311
912312
912313
912314
912315
810101
810102
810103
810151
810152
810153
810251
810252
810253
810351
810352
810353
810451
810452
810453
810551
810552
810553
810651
810652
810653
