Id	Target	Effect	EffectValue	CD	SkillDisplay	Repeat	release	Group	Level	NextLv	Slot
int	mut,float#float,2	mut,int#int,2	mut,float#float,2	float	int	int	int	int	int	int	int
10111	200000.0	1#211	0.7#2|0.3#1#20#3#0.1#2	1.0	1011	1	1	1011	1	10112	1
10112	200000.0	1#211	0.84#2|0.4#1#20#3#0.15#2	1.0	1011	1	1	1011	2	10113	1
10113	200000.0	1#211	1.0#2|0.5#1#20#3#0.2#2	1.0	1011	1	1	1011	3	10114	1
10114	200000.0	1#211	1.04#2|0.5#1#20#3#0.208#2	1.0	1011	1	1	1011	4	10115	1
10115	200000.0	1#211	1.08#2|0.5#1#20#3#0.216#2	1.0	1011	1	1	1011	5	10116	1
10116	200000.0	1#211	1.12#2|0.5#1#20#3#0.224#2	1.0	1011	1	1	1011	6	10117	1
10117	200000.0	1#211	1.16#2|0.5#1#20#3#0.232#2	1.0	1011	1	1	1011	7	10118	1
10118	200000.0	1#211	1.2#2|0.5#1#20#3#0.24#2	1.0	1011	1	1	1011	8	0	1
10131	200000.0	1#254	1.1#2|1.0#1#1#4#0.15#2	3.0	1013	1	2	1013	1	10132	3
10132	200000.0	1#254	1.32#2|1.0#1#1#4#0.15#2	3.0	1013	1	2	1013	2	10133	3
10133	200000.0	1#254	1.58#2|1.0#1#1#4#0.15#2	3.0	1013	1	2	1013	3	10134	3
10134	200000.0	1#254	1.64#2|1.0#1#1#4#0.15#2	3.0	1013	1	2	1013	4	10135	3
10135	200000.0	1#254	1.71#2|1.0#1#1#4#0.15#2	3.0	1013	1	2	1013	5	10136	3
10136	200000.0	1#254	1.77#2|1.0#1#1#4#0.15#2	3.0	1013	1	2	1013	6	10137	3
10137	200000.0	1#254	1.83#2|1.0#1#1#4#0.15#2	3.0	1013	1	2	1013	7	10138	3
10138	200000.0	1#254	1.9#2|1.0#1#1#4#0.15#2	3.0	1013	1	2	1013	8	0	3
10211	210000.0	10	1.45#1#0.1	1.0	1021	1	1	1021	1	10212	1
10212	210000.0	10	1.71#1#0.2	1.0	1021	1	1	1021	2	10213	1
10213	210000.0	10	2.06#1#0.3	1.0	1021	1	1	1021	3	0	1
10231	300000.0	4#4	23#0.15#2#1|6#0.15#2#1	3.0	1023	1	2	1023	1	10232	3
10232	300000.0	4#4	23#0.2#2#1|6#0.2#2#1	3.0	1023	1	2	1023	2	10233	3
10233	300000.0	4#4	23#0.25#2#1|6#0.25#2#1	3.0	1023	1	2	1023	3	0	3
10311	200000.0	1#259	0.79#2|0.25#1#1#4#0.1#22#3#0.1#2	1.0	1031	1	1	1031	1	10312	1
10312	200000.0	1#259	0.95#2|0.35#1#1#4#0.1#22#3#0.1#2	1.0	1031	1	1	1031	2	10313	1
10313	200000.0	1#259	1.14#2|0.45#1#1#4#0.1#22#3#0.1#2	1.0	1031	1	1	1031	3	0	1
10331	200004.0	1#230	0.95#2|1#0.3#8#3	3.0	1033	1	2	1033	1	10332	3
10332	200004.0	1#230	1.13#2|1#0.4#8#3	3.0	1033	1	2	1033	2	10333	3
10333	200004.0	1#230	1.36#2|1#0.5#8#3	3.0	1033	1	2	1033	3	0	3
10411	200004.0	1#254	0.7#2|0.3#1#1#4#0.15#2	1.0	1041	1	1	1041	1	10412	1
10412	200004.0	1#254	0.84#2|0.4#1#1#4#0.15#2	1.0	1041	1	1	1041	2	10413	1
10413	200004.0	1#254	1.0#2|0.5#1#1#4#0.15#2	1.0	1041	1	1	1041	3	10414	1
10414	200004.0	1#254	1.04#2|0.52#1#1#4#0.15#2	1.0	1041	1	1	1041	4	10415	1
10415	200004.0	1#254	1.08#2|0.54#1#1#4#0.15#2	1.0	1041	1	1	1041	5	10416	1
10416	200004.0	1#254	1.12#2|0.56#1#1#4#0.15#2	1.0	1041	1	1	1041	6	10417	1
10417	200004.0	1#254	1.16#2|0.58#1#1#4#0.15#2	1.0	1041	1	1	1041	7	10418	1
10418	200004.0	1#254	1.2#2|0.6#1#1#4#0.15#2	1.0	1041	1	1	1041	8	0	1
10431	200000.0	287#1#3	1#2#9#1#0.1|0.91#2|0.15#8#2	3.0	1043	1	2	1043	1	10432	3
10432	200000.0	287#1#3	1#2#9#1#0.2|1.09#2|0.25#8#2	3.0	1043	1	2	1043	2	10433	3
10433	200000.0	287#1#3	1#2#9#1#0.3|1.3#2|0.30#8#2	3.0	1043	1	2	1043	3	10434	3
10434	200000.0	287#1#3	1#2#9#1#0.312|1.36#2|0.312#8#2	3.0	1043	1	2	1043	4	10435	3
10435	200000.0	287#1#3	1#2#9#1#0.324|1.41#2|0.324#8#2	3.0	1043	1	2	1043	5	10436	3
10436	200000.0	287#1#3	1#2#9#1#0.336|1.46#2|0.15#8#2	3.0	1043	1	2	1043	6	10437	3
10437	200000.0	287#1#3	1#2#9#1#0.348|1.51#2|0.348#8#2	3.0	1043	1	2	1043	7	10438	3
10438	200000.0	287#1#3	1#2#9#1#0.36|1.56#2|0.36#8#2	3.0	1043	1	2	1043	8	0	3
10511	100211.0	24#4	1#1.6|22#0.1#2#1	1.0	1051	1	1	1051	1	10512	1
10512	100211.0	24#4	1#1.92|22#0.2#2#1	1.0	1051	1	1	1051	2	10513	1
10513	100211.0	24#4	1#2.3|22#0.3#2#1	1.0	1051	1	1	1051	3	10514	1
10514	100211.0	24#4	1#2.4|22#0.312#2#1	1.0	1051	1	1	1051	4	10515	1
10515	100211.0	24#4	1#2.49|22#0.324#2#1	1.0	1051	1	1	1051	5	10516	1
10516	100211.0	24#4	1#2.58|22#0.336#2#1	1.0	1051	1	1	1051	6	10517	1
10517	100211.0	24#4	1#2.67|22#0.348#2#1	1.0	1051	1	1	1051	7	10518	1
10518	100211.0	24#4	1#2.76|22#0.36#2#1	1.0	1051	1	1	1051	8	0	1
10531	100213.0	24#208	1#1.1|0.4#1#2#6	3.0	1053	1	2	1053	1	10532	3
10532	100213.0	24#208	1#1.32|0.6#1#2#6	3.0	1053	1	2	1053	2	10533	3
10533	100213.0	24#208	1#1.58|0.8#1#2#6	3.0	1053	1	2	1053	3	10534	3
10534	100213.0	24#208	1#1.65|0.8#1#2#6	3.0	1053	1	2	1053	4	10535	3
10535	100213.0	24#208	1#1.71|0.8#1#2#6	3.0	1053	1	2	1053	5	10536	3
10536	100213.0	24#208	1#1.77|0.8#1#2#6	3.0	1053	1	2	1053	6	10537	3
10537	100213.0	24#208	1#1.84|0.8#1#2#6	3.0	1053	1	2	1053	7	10538	3
10538	100213.0	24#208	1#1.90|0.8#1#2#6	3.0	1053	1	2	1053	8	0	3
10611	400000|300000	288#1|266	1.0#1#23#3#0.1|1.81#1|1.0#2#22#1#0.15#3	1.0	1061	1	1	1061	1	10612	1
10612	400000|300000	288#1|266	1.0#1#23#3#0.2|2.17#1|1.0#2#22#1#0.2#3	1.0	1061	1	1	1061	2	10613	1
10613	400000|300000	288#1|266#266	1.0#1#23#3#0.3|2.6#1|1.0#2#22#1#0.25#3|1.0#2#10#1#0.3#3	1.0	1061	1	1	1061	3	10614	1
10614	400000|300000	288#1|266#266	1.0#1#23#3#0.3|2.71#1|1.0#2#22#1#0.26#3|1.0#2#10#1#0.312#3	1.0	1061	1	1	1061	4	10615	1
10615	400000|300000	288#1|266#266	1.0#1#23#3#0.3|2.81#1|1.0#2#22#1#0.27#3|1.0#2#10#1#0.324#3	1.0	1061	1	1	1061	5	10616	1
10616	400000|300000	288#1|266#266	1.0#1#23#3#0.3|2.92#1|1.0#2#22#1#0.28#3|1.0#2#10#1#0.336#3	1.0	1061	1	1	1061	6	10617	1
10617	400000|300000	288#1|266#266	1.0#1#23#3#0.3|3.02#1|1.0#2#22#1#0.29#3|1.0#2#10#1#0.348#3	1.0	1061	1	1	1061	7	10618	1
10618	400000|300000	288#1|266#266	1.0#1#23#3#0.3|3.12#1|1.0#2#22#1#0.3#3|1.0#2#10#1#0.36#3	1.0	1061	1	1	1061	8	0	1
10631	240000.0	1#211	1.31#1|0.5#1#9#3#0.15#2	3.0	1063	1	2	1063	1	10632	3
10632	240000.0	1#211	1.57#1|0.6#1#9#3#0.2#2	3.0	1063	1	2	1063	2	10633	3
10633	240000.0	1#211	1.88#1|0.7#1#9#3#0.25#2	3.0	1063	1	2	1063	3	10634	3
10634	240000.0	1#211	1.96#1|0.7#1#9#3#0.26#2	3.0	1063	1	2	1063	4	10635	3
10635	240000.0	1#211	2.04#1|0.7#1#9#3#0.27#2	3.0	1063	1	2	1063	5	10636	3
10636	240000.0	1#211	2.11#1|0.7#1#9#3#0.28#2	3.0	1063	1	2	1063	6	10637	3
10637	240000.0	1#211	2.19#1|0.7#1#9#3#0.29#2	3.0	1063	1	2	1063	7	10638	3
10638	240000.0	1#211	2.26#1|0.7#1#9#3#0.3#2	3.0	1063	1	2	1063	8	0	3
10711	180322|300000	220#212|212#208	0.35#2#3|1.0#1#23#1#0.05#6#1#0.05#2|1.0#1#23#1#0.05#6#1#0.05#2|1.0#2#0#6	3.0	1071	1	1	1071	1	10712	1
10712	180322|300000	220#212|212#208	0.35#2#3|1.0#1#23#1#0.1#6#1#0.1#2|1.0#1#23#1#0.1#6#1#0.1#2|1.0#2#0#6	3.0	1071	1	1	1071	2	10713	1
10713	180322|300000	220#212|212#208	0.35#2#3|1.0#1#23#1#0.15#6#1#0.15#2|1.0#1#23#1#0.15#6#1#0.15#2|1.0#2#0#6	3.0	1071	1	1	1071	3	10714	1
10714	180322|300000	220#212|212#208	0.35#2#3|1.0#1#23#1#0.156#6#1#0.156#2|1.0#1#23#1#0.156#6#1#0.156#2|1.0#2#0#6	3.0	1071	1	1	1071	4	10715	1
10715	180322|300000	220#212|212#208	0.35#2#3|1.0#1#23#1#0.162#6#1#0.162#2|1.0#1#23#1#0.162#6#1#0.162#2|1.0#2#0#6	3.0	1071	1	1	1071	5	10716	1
10716	180322|300000	220#212|212#208	0.35#2#3|1.0#1#23#1#0.168#6#1#0.168#2|1.0#1#23#1#0.168#6#1#0.168#2|1.0#2#0#6	3.0	1071	1	1	1071	6	10717	1
10717	180322|300000	220#212|212#208	0.35#2#3|1.0#1#23#1#0.174#6#1#0.174#2|1.0#1#23#1#0.174#6#1#0.174#2|1.0#2#0#6	3.0	1071	1	1	1071	7	10718	1
10718	180322|300000	220#212|212#208	0.35#2#3|1.0#1#23#1#0.18#6#1#0.18#2|1.0#1#23#1#0.18#6#1#0.18#2|1.0#2#0#6	3.0	1071	1	1	1071	8	0	1
10731	201321.0	1#256	1.5#1|0.4#1#0.35#1	3.0	1073	1	2	1073	1	10732	3
10732	201321.0	1#256	1.8#1|0.45#1#0.35#1	3.0	1073	1	2	1073	2	10733	3
10733	201321.0	1#256	2.16#1|0.45#1#0.35#1	3.0	1073	1	2	1073	3	10734	3
10734	201321.0	1#256	2.25#1|0.52#1#0.35#1	3.0	1073	1	2	1073	4	10735	3
10735	201321.0	1#256	2.34#1|0.54#1#0.35#1	3.0	1073	1	2	1073	5	10736	3
10736	201321.0	1#256	2.42#1|0.56#1#0.35#1	3.0	1073	1	2	1073	6	10737	3
10737	201321.0	1#256	2.51#1|0.58#1#0.35#1	3.0	1073	1	2	1073	7	10738	3
10738	201321.0	1#256	2.6#1|0.6#1#0.35#1	3.0	1073	1	2	1073	8	0	3
10811	210000.0	1#211#234	1.2#2|0.35#1#14#3#0.35#2|4#0.3#8#2	1.0	1081	1	1	1081	1	10812	1
10812	210000.0	1#211#234	1.44#2|0.5#1#14#3#0.35#2|4#0.35#8#2	1.0	1081	1	1	1081	2	10813	1
10813	210000.0	1#211#234	1.72#2|0.65#1#14#3#0.35#2|4#0.4#8#2	1.0	1081	1	1	1081	3	10814	1
10814	210000.0	1#211#234	1.79#2|0.664#1#14#3#0.35#2|4#0.4#8#2	1.0	1081	1	1	1081	4	10815	1
10815	210000.0	1#211#234	1.86#2|0.678#1#14#3#0.35#2|4#0.4#8#2	1.0	1081	1	1	1081	5	10816	1
10816	210000.0	1#211#234	1.93#2|0.692#1#14#3#0.35#2|4#0.4#8#2	1.0	1081	1	1	1081	6	10817	1
10817	210000.0	1#211#234	2.0#2|0.706#1#14#3#0.35#2|4#0.4#8#2	1.0	1081	1	1	1081	7	10818	1
10818	210000.0	1#211#234	2.07#2|0.72#1#14#3#0.35#2|4#0.4#8#2	1.0	1081	1	1	1081	8	0	1
10831	200003.0	1#258	1.08#2|0.28#2	3.0	1083	1	2	1083	1	10832	3
10832	200003.0	1#258	1.3#2|0.33#2	3.0	1083	1	2	1083	2	10833	3
10833	200003.0	1#258	1.56#2|0.37#2	3.0	1083	1	2	1083	3	10834	3
10834	200003.0	1#258	1.63#2|0.385#2	3.0	1083	1	2	1083	4	10835	3
10835	200003.0	1#258	1.69#2|0.4#2	3.0	1083	1	2	1083	5	10836	3
10836	200003.0	1#258	1.75#2|0.415#2	3.0	1083	1	2	1083	6	10837	3
10837	200003.0	1#258	1.81#2|0.43#2	3.0	1083	1	2	1083	7	10838	3
10838	200003.0	1#258	1.89#2|0.445#2	3.0	1083	1	2	1083	8	0	3
10911	240000.0	1#254	0.91#2|0.4#1#1#4#0.1#2	1.0	1091	1	1	1091	1	10912	1
10912	240000.0	1#254	1.09#2|0.5#1#1#4#0.15#2	1.0	1091	1	1	1091	2	10913	1
10913	240000.0	1#259	1.31#2|0.6#1#1#4#0.15#22#3#0.15#2	1.0	1091	1	1	1091	3	10914	1
10914	240000.0	1#259	1.37#2|0.6#1#1#4#0.15#22#3#0.156#2	1.0	1091	1	1	1091	4	10915	1
10915	240000.0	1#259	1.42#2|0.6#1#1#4#0.15#22#3#0.162#2	1.0	1091	1	1	1091	5	10916	1
10916	240000.0	1#259	1.47#2|0.6#1#1#4#0.15#22#3#0.168#2	1.0	1091	1	1	1091	6	10917	1
10917	240000.0	1#259	1.52#2|0.6#1#1#4#0.15#22#3#0.174#2	1.0	1091	1	1	1091	7	10918	1
10918	240000.0	1#259	1.58#2|0.6#1#1#4#0.15#22#3#0.158#2	1.0	1091	1	1	1091	8	0	1
10931	200004.0	1#3	0.91#2|0.28#8#2	3.0	1093	1	2	1093	1	10932	3
10932	200004.0	1#206	1.1#2|0.33#8#2#0.2	3.0	1093	1	2	1093	2	10933	3
10933	200004.0	1#206	1.21#2|0.4#8#2#0.2	3.0	1093	1	2	1093	3	10934	3
10934	200004.0	1#206	1.26#2|0.41#8#2#0.2	3.0	1093	1	2	1093	4	10935	3
10935	200004.0	1#206	1.31#2|0.42#8#2#0.2	3.0	1093	1	2	1093	5	10936	3
10936	200004.0	1#206	1.36#2|0.43#8#2#0.2	3.0	1093	1	2	1093	6	10937	3
10937	200004.0	1#206	1.41#2|0.44#8#2#0.2	3.0	1093	1	2	1093	7	10938	3
10938	200004.0	1#206	1.46#2|0.45#8#2#0.2	3.0	1093	1	2	1093	8	0	3
11011	100322.0	208#211	1.0#1#1#6|1.0#1#22#1#0.15#2	3.0	1101	1	1	1101	1	11012	1
11012	100322.0	208#211	1.0#1#2#6|1.0#1#22#1#0.2#2	3.0	1101	1	1	1101	2	11013	1
11013	100323.0	208#211	1.0#1#0#6|1.0#1#22#1#0.25#2	3.0	1101	1	1	1101	3	11014	1
11014	100323.0	208#211	1.0#1#0#6|1.0#1#22#1#0.26#2	3.0	1101	1	1	1101	4	11015	1
11015	100323.0	208#211	1.0#1#0#6|1.0#1#22#1#0.27#2	3.0	1101	1	1	1101	5	11016	1
11016	100323.0	208#211	1.0#1#0#6|1.0#1#22#1#0.28#2	3.0	1101	1	1	1101	6	11017	1
11017	100323.0	208#211	1.0#1#0#6|1.0#1#22#1#0.29#2	3.0	1101	1	1	1101	7	11018	1
11018	100323.0	208#211	1.0#1#0#6|1.0#1#22#1#0.3#2	3.0	1101	1	1	1101	8	0	1
11031	700211.0	221	1#1.72#1#2.47	3.0	1103	1	2	1103	1	11032	3
11032	700211.0	221	1#2.06#1#2.96	3.0	1103	1	2	1103	2	11033	3
11033	700211.0	221	1#2.47#1#3.56	3.0	1103	1	2	1103	3	11034	3
11034	700211.0	221	1#2.57#1#3.71	3.0	1103	1	2	1103	4	11035	3
11035	700211.0	221	1#2.67#1#3.85	3.0	1103	1	2	1103	5	11036	3
11036	700211.0	221	1#2.77#1#3.99	3.0	1103	1	2	1103	6	11037	3
11037	700211.0	221	1#2.87#1#4.13	3.0	1103	1	2	1103	7	11038	3
11038	700211.0	221	1#2.97#1#4.28	3.0	1103	1	2	1103	8	0	3
11111	400000.0	1#254	1.7#2|0.3#1#1#4#0.3#2	1.0	1111	1	1	1111	1	0	1
11131	100212.0	24	1#2.47	3.0	1113	1	2	1113	1	0	3
11211	200000.0	1#254	1.08#2|0.2#1#1#4#0.2#2	3.0	1121	1	1	1121	1	0	1
11311	200004.0	1#3	0.8#2|0.1#8#2	1.0	1131	1	1	1131	1	0	1
11331	200000.0	241#1	8|1.2#2	3.0	1133	1	2	1133	1	0	3
11411	200003.0	1	1.2#2	1.0	1141	1	1	1141	1	0	1
11431	100000.0	24#211	1#0.9|1.0#1#22#1#0.1#2	3.0	1143	1	2	1143	1	0	3
11511	400000.0	10	1.4#1#1.0	1.0	1151	1	1	1151	1	0	1
11531	180321|300000	220|211	0.4#2#3|1.0#1#23#1#0.3#2	3.0	1153	1	2	1153	1	0	3
11811	400000.0	1	2.18#1	3.0	1181	1	1	1181	1	0	1
12111	400000.0	1#254	2.0#1|0.2#1#2#3#0.2#2	3.0	1211	1	1	1211	1	0	1
12311	400000.0	1#254	1.87#2|0.1#1#1#3#0.15#2	3.0	1231	1	1	1231	1	0	1
12411	200921.0	1#246	1.82#2|4#0.1#2	3.0	1241	1	1	1241	1	12412	1
12412	200921.0	1#246	2.19#2|4#0.15#2	3.0	1241	1	1	1241	2	12413	1
12413	200921.0	1#246	2.61#2|4#0.20#2	3.0	1241	1	1	1241	3	12414	1
12414	200921.0	1#246	2.72#2|4#0.21#2	3.0	1241	1	1	1241	4	12415	1
12416	200921.0	1#246	2.93#2|4#0.23#2	3.0	1241	1	1	1241	6	12417	1
12417	200921.0	1#246	3.03#2|4#0.24#2	3.0	1241	1	1	1241	7	12418	1
12418	200921.0	1#246	3.13#2|4#0.25#2	3.0	1241	1	1	1241	8	0	1
12415	200921.0	1#246	2.82#2|4#0.22#2	3.0	1241	1	1	1241	5	12416	1
12431	240000.0	235#1#254	3#5#1#0.1|1.44#2|0.6#1#4#3#0.2#2#9	3.0	1243	1	2	1243	1	12432	3
12432	240000.0	235#1#254	3#5#1#0.15|1.73#2|0.75#1#4#3#0.2#2#9	3.0	1243	1	2	1243	2	12433	3
12433	240000.0	235#1#254	3#5#1#0.2|2.07#2|0.9#1#4#3#0.2#2#9	3.0	1243	1	2	1243	3	12434	3
12434	240000.0	235#1#254	3#5#1#0.2|2.16#2|0.92#1#4#3#0.2#2#9	3.0	1243	1	2	1243	4	12435	3
12435	240000.0	235#1#254	3#5#1#0.2|2.24#2|0.94#1#4#3#0.2#2#9	3.0	1243	1	2	1243	5	12436	3
12436	240000.0	235#1#254	3#5#1#0.2|2.32#2|0.96#1#4#3#0.2#2#9	3.0	1243	1	2	1243	6	12437	3
12437	240000.0	235#1#254	3#5#1#0.2|2.41#2|0.98#1#4#3#0.2#2#9	3.0	1243	1	2	1243	7	12438	3
12438	240000.0	235#1#254	3#5#1#0.2|2.49#2|1.0#1#4#3#0.2#2#9	3.0	1243	1	2	1243	8	0	3
20111	200321.0	1#248	1.81#1|1#0.1#3#1#2	1.0	2011	1	1	2011	1	20112	1
20112	200321.0	1#248	2.17#1|1#0.15#3#1#2	1.0	2011	1	1	2011	2	20113	1
20113	200321.0	1#248	2.6#1|1#0.2#3#1#2	1.0	2011	1	1	2011	3	20114	1
20114	200321.0	1#248	2.71#1|1#0.208#3#1#2	1.0	2011	1	1	2011	4	20115	1
20115	200321.0	1#248	2.81#1|1#0.216#3#1#2	1.0	2011	1	1	2011	5	20116	1
20116	200321.0	1#248	2.92#1|1#0.224#3#1#2	1.0	2011	1	1	2011	6	20117	1
20117	200321.0	1#248	3.02#1|1#0.232#3#1#2	1.0	2011	1	1	2011	7	20118	1
20118	200321.0	1#248	3.12#1|1#0.24#3#1#2	1.0	2011	1	1	2011	8	0	1
20131	270000.0	1#261	1.44#1|0.6#4#1#0.2#2	3.0	2013	1	2	2013	1	20132	3
20132	270000.0	1#261#3	1.73#1|0.75#4#1#0.2#2|0.2#9#2	3.0	2013	1	2	2013	2	20133	3
20133	270000.0	1#261#3	2.07#1|0.9#4#1#0.2#2|0.25#9#2	3.0	2013	1	2	2013	3	20134	3
20134	270000.0	1#261#3	2.16#1|0.92#4#1#0.2#2|0.26#9#2	3.0	2013	1	2	2013	4	20135	3
20135	270000.0	1#261#3	2.24#1|0.94#4#1#0.2#2|0.27#9#2	3.0	2013	1	2	2013	5	20136	3
20136	270000.0	1#261#3	2.32#1|0.96#4#1#0.2#2|0.28#9#2	3.0	2013	1	2	2013	6	20137	3
20137	270000.0	1#261#3	2.41#1|0.98#4#1#0.2#2|0.29#9#2	3.0	2013	1	2	2013	7	20138	3
20138	270000.0	1#261#3	2.49#1|1.0#4#1#0.2#2|0.3#9#2	3.0	2013	1	2	2013	8	0	3
20211	240000.0	237#1#261	1#12#0.07#2|0.89#1|0.5#4#1#0.15#3	1.0	2021	1	1	2021	1	20212	1
20212	240000.0	237#1#261	1#12#0.1#2|1.06#1|0.75#4#1#0.15#3	1.0	2021	1	1	2021	2	20213	1
20213	240000.0	237#1#261	1#12#0.1#2|1.29#1|0.9#4#1#0.15#3	1.0	2021	1	1	2021	3	20214	1
20214	240000.0	237#1#261	1#12#0.104#2|1.35#1|0.92#4#1#0.15#3	1.0	2021	1	1	2021	4	20215	1
20215	240000.0	237#1#261	1#12#0.108#2|1.4#1|0.94#4#1#0.15#3	1.0	2021	1	1	2021	5	20216	1
20216	240000.0	237#1#261	1#12#0.112#2|1.45#1|0.96#4#1#0.15#3	1.0	2021	1	1	2021	6	20217	1
20217	240000.0	237#1#261	1#12#0.116#2|1.5#1|0.98#4#1#0.15#3	1.0	2021	1	1	2021	7	20218	1
20218	240000.0	237#1#261	1#12#0.12#2|1.55#1|1.0#4#1#0.15#3	1.0	2021	1	1	2021	8	0	1
20231	200211.0	262#1	4#5|2.48#1	3.0	2023	1	2	2023	1	20232	3
20232	200211.0	262#260#1	4#5|1.0#2#10#1#0.2|2.97#1	3.0	2023	1	2	2023	2	20233	3
20233	200211.0	262#260#10	4#5|1.0#2#10#1#0.2|3.75#1#0.5	3.0	2023	1	2	2023	3	20234	3
20234	200211.0	262#260#10	4#5|1.0#2#10#1#0.2|3.9#1#0.5	3.0	2023	1	2	2023	4	20235	3
20235	200211.0	262#260#10	4#5|1.0#2#10#1#0.2|4.05#1#0.5	3.0	2023	1	2	2023	5	20236	3
20236	200211.0	262#260#10	4#5|1.0#2#10#1#0.2|4.2#1#0.5	3.0	2023	1	2	2023	6	20237	3
20237	200211.0	262#260#10	4#5|1.0#2#10#1#0.2|4.35#1#0.5	3.0	2023	1	2	2023	7	20238	3
20238	200211.0	262#260#10	4#5|1.0#2#10#1#0.2|4.5#1#0.5	3.0	2023	1	2	2023	8	0	3
20311	240000.0	211#1	0.5#1#6#3#0.2#2|0.87#2	1.0	2031	1	1	2031	1	20312	1
20312	240000.0	211#1	0.65#1#6#3#0.3#2|1.04#2	1.0	2031	1	1	2031	2	20313	1
20313	240000.0	211#1#208	0.8#1#6#3#0.3#2|1.24#2|0.5#1#1#3	1.0	2031	1	1	2031	3	20314	1
20314	240000.0	211#1#208	0.8#1#6#3#0.312#2|1.29#2|0.5#1#1#3	1.0	2031	1	1	2031	4	20315	1
20315	240000.0	211#1#208	0.8#1#6#3#0.324#2|1.34#2|0.5#1#1#3	1.0	2031	1	1	2031	5	20316	1
20316	240000.0	211#1#208	0.8#1#6#3#0.336#2|1.39#2|0.5#1#1#3	1.0	2031	1	1	2031	6	20317	1
20317	240000.0	211#1#208	0.8#1#6#3#0.348#2|1.44#2|0.5#1#1#3	1.0	2031	1	1	2031	7	20318	1
20318	240000.0	211#1#208	0.8#1#6#3#0.36#2|1.49#2|0.5#1#1#3	1.0	2031	1	1	2031	8	0	1
20331	100000.0	263	0.1#2#1	3.0	2033	1	2	2033	1	20332	3
20332	100000.0	263	0.15#2#1	3.0	2033	1	2	2033	2	20333	3
20333	100000.0	263	0.2#3#1	3.0	2033	1	2	2033	3	20334	3
20334	100000.0	263	0.208#3#1	3.0	2033	1	2	2033	4	20335	3
20335	100000.0	263	0.216#3#1	3.0	2033	1	2	2033	5	20336	3
20336	100000.0	263	0.224#3#1	3.0	2033	1	2	2033	6	20337	3
20337	100000.0	263	0.232#3#1	3.0	2033	1	2	2033	7	20338	3
20338	100000.0	263	0.24#3#1	3.0	2033	1	2	2033	8	0	3
20411	400000.0	228#1#261	4#0.3|1.54#1|0.6#4#1#0.15#2	1.0	2041	1	1	2041	1	20412	1
20412	400000.0	228#1#261	4#0.3|1.85#1|0.8#4#1#0.15#2	1.0	2041	1	1	2041	2	20413	1
20413	400000.0	228#1#261	4#0.3|2.21#1|1.0#4#1#0.15#2	1.0	2041	1	1	2041	3	0	1
20431	400000|300000	264#1|211	4#2#9#1#0.3|2.3#1|1.0#1#8#1#0.1#2	3.0	2043	1	2	2043	1	20432	3
20432	400000|300000	264#1|211	4#2#9#1#0.3|2.76#1|1.0#1#8#1#0.1#2	3.0	2043	1	2	2043	2	20433	3
20433	400000|300000	264#1|211	4#2#9#1#0.3|3.31#1|1.0#1#8#1#0.1#2	3.0	2043	1	2	2043	3	0	3
20511	200004.0	1#261	0.7#2|0.4#4#1#0.2#2	1.0	2051	1	1	2051	1	20512	1
20512	200004.0	1#261	0.84#2|0.5#4#1#0.2#2	1.0	2051	1	1	2051	2	20513	1
20513	200004.0	1#261	1.0#2|0.6#4#1#0.2#2	1.0	2051	1	1	2051	3	20514	1
20514	200004.0	1#261	1.04#2|0.624#4#1#0.2#2	1.0	2051	1	1	2051	4	20515	1
20515	200004.0	1#261	1.08#2|0.648#4#1#0.2#2	1.0	2051	1	1	2051	5	20516	1
20516	200004.0	1#261	1.12#2|0.672#4#1#0.2#2	1.0	2051	1	1	2051	6	20517	1
20517	200004.0	1#261	1.16#2|0.696#4#1#0.2#2	1.0	2051	1	1	2051	7	20518	1
20518	200004.0	1#261	1.2#2|0.72#4#1#0.2#2	1.0	2051	1	1	2051	8	0	1
20531	200002.0	1#265	1.6#2|4#5#0.2#1#1#2	3.0	2053	1	2	2053	1	20532	3
20532	200002.0	1#265	1.92#2|4#5#0.3#1#1#2	3.0	2053	1	2	2053	2	20533	3
20533	200002.0	1#265	2.3#2|4#5#0.4#1#1#2	3.0	2053	1	2	2053	3	20534	3
20534	200002.0	1#265	2.4#2|4#5#0.416#1#1#2	3.0	2053	1	2	2053	4	20535	3
20535	200002.0	1#265	2.49#2|4#5#0.432#1#1#2	3.0	2053	1	2	2053	5	20536	3
20536	200002.0	1#265	2.58#2|4#5#0.448#1#1#2	3.0	2053	1	2	2053	6	20537	3
20537	200002.0	1#265	2.67#2|4#5#0.464#1#1#2	3.0	2053	1	2	2053	7	20538	3
20538	200002.0	1#265	2.76#2|4#5#0.48#1#1#2	3.0	2053	1	2	2053	8	0	3
20611	230000.0	219	1.09#1#0.4#4#2#0.73#1#0.6#1#0.15	0.0	2061	1	1	2061	1	20612	1
20612	230000.0	219	1.3#1#0.6#4#2#0.87#1#0.8#1#0.15	0.0	2061	1	1	2061	2	20613	1
20613	230000.0	219	1.56#1#0.9#4#2#1.04#1#1.0#1#0.15	0.0	2061	1	1	2061	3	20614	1
20614	230000.0	219	1.63#1#0.9#4#2#1.09#1#1.0#1#0.15	0.0	2061	1	1	2061	4	20615	1
20615	230000.0	219	1.69#1#0.9#4#2#1.13#1#1.0#1#0.15	0.0	2061	1	1	2061	5	20616	1
20616	230000.0	219	1.75#1#0.9#4#2#1.17#1#1.0#1#0.15	0.0	2061	1	1	2061	6	20617	1
20617	230000.0	219	1.81#1#0.9#4#2#1.21#1#1.0#1#0.15	0.0	2061	1	1	2061	7	20618	1
20618	230000.0	219	1.88#1#0.9#4#2#1.25#1#1.0#1#0.15	0.0	2061	1	1	2061	8	0	1
20711	200000.0	1#254	0.9#1|0.3#1#2#3#0.2#2	1.0	2071	1	1	2071	1	20712	1
20712	200000.0	1#254	1.08#1|0.4#1#2#3#0.2#2	1.0	2071	1	1	2071	2	20713	1
20713	200000.0	1#254	1.3#1|0.5#1#2#3#0.2#2	1.0	2071	1	1	2071	3	0	1
20731	400000.0	287#1#252	2#2#9#1#0.15|3.5#1|1	3.0	2073	1	2	2073	1	20732	3
20732	400000.0	287#1#252	2#2#9#1#0.2|4.2#1|1	3.0	2073	1	2	2073	2	20733	3
20733	400000.0	287#1#252	2#2#9#1#0.25|5.04#1|1	3.0	2073	1	2	2073	3	0	3
20811	200000.0	1#261	0.6#2|0.3#4#1#0.15#2	1.0	2081	1	1	2081	1	20812	1
20812	200000.0	1#261	0.72#2|0.4#4#1#0.15#2	1.0	2081	1	1	2081	2	20813	1
20813	200000.0	1#261	0.87#2|0.5#4#1#0.15#2	1.0	2081	1	1	2081	3	20814	1
20814	200000.0	1#261	0.91#2|0.52#4#1#0.15#2	1.0	2081	1	1	2081	4	20815	1
20815	200000.0	1#261	0.94#2|0.54#4#1#0.15#2	1.0	2081	1	1	2081	5	20816	1
20816	200000.0	1#261	0.98#2|0.56#4#1#0.15#2	1.0	2081	1	1	2081	6	20817	1
20817	200000.0	1#261	1.01#2|0.58#4#1#0.15#2	1.0	2081	1	1	2081	7	20818	1
20818	200000.0	1#261	1.05#2|0.6#4#1#0.15#2	1.0	2081	1	1	2081	8	0	1
20831	200003.0	1#242	1.0#2|4#5#0.1#9#1	3.0	2083	1	2	2083	1	20832	3
20832	200003.0	1#242	1.2#2|4#5#0.15#9#1	3.0	2083	1	2	2083	2	20833	3
20833	200003.0	1#242	1.44#2|4#5#0.2#9#1	3.0	2083	1	2	2083	3	20834	3
20834	200003.0	1#242	1.5#2|4#5#0.208#9#1	3.0	2083	1	2	2083	4	20835	3
20835	200003.0	1#242	1.56#2|4#5#0.216#9#1	3.0	2083	1	2	2083	5	20836	3
20836	200003.0	1#242	1.62#2|4#5#0.224#9#1	3.0	2083	1	2	2083	6	20837	3
20837	200003.0	1#242	1.68#2|4#5#0.232#9#1	3.0	2083	1	2	2083	7	20838	3
20838	200003.0	1#242	1.73#2|4#5#0.24#9#1	3.0	2083	1	2	2083	8	0	3
20911	260321.0	1#3	1.68#1|0.2#1#1	1.0	2091	1	1	2091	1	20912	1
20912	260321.0	1#3	2.01#1|0.3#1#1	1.0	2091	1	1	2091	2	20913	1
20913	260321.0	1#3	2.42#1|0.4#1#1	1.0	2091	1	1	2091	3	20914	1
20914	260321.0	1#3	2.52#1|0.416#1#1	1.0	2091	1	1	2091	4	20915	1
20915	260321.0	1#3	2.62#1|0.432#1#1	1.0	2091	1	1	2091	5	20916	1
20916	260321.0	1#3	2.72#1|0.448#1#1	1.0	2091	1	1	2091	6	20917	1
20917	260321.0	1#3	2.81#1|0.464#1#1	1.0	2091	1	1	2091	7	20918	1
20918	260321.0	1#3	2.91#1|0.48#1#1	1.0	2091	1	1	2091	8	0	1
20931	400000.0	235#1	4#5#1#0.15|2.48#1	3.0	2093	1	2	2093	1	20932	3
20932	400000.0	235#1	4#5#1#0.2|2.97#1	3.0	2093	1	2	2093	2	20933	3
20933	400000.0	235#1	4#5#1#0.25|3.57#1	3.0	2093	1	2	2093	3	20934	3
20934	400000.0	235#1	4#5#1#0.25|3.72#1	3.0	2093	1	2	2093	4	20935	3
20935	400000.0	235#1	4#5#1#0.25|3.86#1	3.0	2093	1	2	2093	5	20936	3
20936	400000.0	235#1	4#5#1#0.25|4.0#1	3.0	2093	1	2	2093	6	20937	3
20937	400000.0	235#1	4#5#1#0.25|4.15#1	3.0	2093	1	2	2093	7	20938	3
20938	400000.0	235#1	4#5#1#0.25|4.29#1	3.0	2093	1	2	2093	8	0	3
21011	400000.0	1#261	1.8#2|0.4#4#1#0.15#2	1.0	2101	1	1	2101	1	0	1
21031	200000.0	1#261	0.98#2|0.25#4#1#0.15#2	3.0	2103	1	2	2103	1	0	3
21111	400000.0	288#1	1.0#1#23#3#0.2|2.1#1	3.0	2111	1	1	2111	1	0	1
21131	200003.0	1#254	1.0#1|0.2#1#2#3#0.2#2	3.0	2113	1	2	2113	1	0	3
21211	230000.0	1#255	0.87#1|0.2#1	3.0	2121	1	1	2121	1	0	1
21231	100000.0	211	1.0#1#23#1#0.1#2	3.0	2123	1	2	2123	1	0	3
21311	400000.0	1#261	1.8#2|0.3#4#1#0.15#2	3.0	2131	1	1	2131	1	0	1
21331	200003.0	1#3	1.3#2|0.1#1#1	3.0	2133	1	2	2133	1	0	3
21411	400000.0	260#260#1	1.0#2#9#1#0.2|1.0#2#10#1#0.4|1.8#1	1.0	2141	1	1	2141	1	0	1
21431	200000.0	1#261	0.98#1|0.3#4#1#0.15#2	3.0	2143	1	2	2143	1	0	3
21911	400000.0	1#3	2.4#1|0.2#9#2	3.0	2191	1	1	2191	1	0	1
22111	200000.0	1	0.98#2	3.0	2211	1	1	2211	1	0	1
22211	210000.0	1	1.6#1	3.0	2221	1	1	2221	1	0	1
22311	200003.0	1#210#208	1.26#2|0.3#4|0.3#1#1#3	1.0	2231	1	1	2231	1	22312	1
22312	200003.0	1#210#208	1.51#2|0.4#4|0.4#1#1#3	1.0	2231	1	1	2231	2	22313	1
22313	200003.0	1#210#208	1.8#2|0.5#4|0.5#1#1#3	1.0	2231	1	1	2231	3	22314	1
22314	200003.0	1#210#208	1.88#2|0.55#4|0.55#1#1#3	1.0	2231	1	1	2231	4	22315	1
22315	200003.0	1#210#208	1.95#2|0.6#4|0.6#1#1#3	1.0	2231	1	1	2231	5	22316	1
22316	200003.0	1#210#208	2.02#2|0.65#4|0.65#1#1#3	1.0	2231	1	1	2231	6	22317	1
22317	200003.0	1#210#208	2.09#2|0.7#4|0.7#1#1#3	1.0	2231	1	1	2231	7	22318	1
22318	200003.0	1#210#208	2.16#2|0.75#4|0.75#1#1#3	1.0	2231	1	1	2231	8	0	1
22331	700211.0	221	1#1.1#1#1.85	3.0	2233	1	2	2233	1	22332	3
22332	700211.0	221	1#1.29#1#2.07	3.0	2233	1	2	2233	2	22333	3
22333	700211.0	221	1#1.58#1#2.3	3.0	2233	1	2	2233	3	22334	3
22334	700211.0	221	1#1.65#1#2.4	3.0	2233	1	2	2233	4	22335	3
22335	700211.0	221	1#1.71#1#2.49	3.0	2233	1	2	2233	5	22336	3
22336	700211.0	221	1#1.77#1#2.58	3.0	2233	1	2	2233	6	22337	3
22337	700211.0	221	1#1.84#1#2.67	3.0	2233	1	2	2233	7	22338	3
22338	700211.0	221	1#1.9#1#2.76	3.0	2233	1	2	2233	8	0	3
30111	300000.0	245#211#211	2|1.0#2#9#1#0.2#2|1.0#1#6#1#0.15#2	3.0	3011	1	1	3011	1	30112	1
30112	300000.0	245#211#211	2|1.0#2#9#1#0.25#2|1.0#1#6#1#0.2#2	3.0	3011	1	1	3011	2	30113	1
30113	300000.0	245#211#211	2|1.0#2#9#1#0.3#2|1.0#1#6#1#0.25#2	3.0	3011	1	1	3011	3	30114	1
30114	300000.0	245#211#211	2|1.0#2#9#1#0.312#2|1.0#1#6#1#0.26#2	3.0	3011	1	1	3011	4	30115	1
30115	300000.0	245#211#211	2|1.0#2#9#1#0.324#2|1.0#1#6#1#0.27#2	3.0	3011	1	1	3011	5	30116	1
30116	300000.0	245#211#211	2|1.0#2#9#1#0.336#2|1.0#1#6#1#0.28#2	3.0	3011	1	1	3011	6	30117	1
30117	300000.0	245#211#211	2|1.0#2#9#1#0.348#2|1.0#1#6#1#0.29#2	3.0	3011	1	1	3011	7	30118	1
30118	300000.0	245#211#211	2|1.0#2#9#1#0.36#2|1.0#1#6#1#0.3#2	3.0	3011	1	1	3011	8	0	1
30131	400000.0	285	3.18#1#3#0.33#2#2	3.0	3013	1	2	3013	1	30132	3
30132	400000.0	260#285	1.0#2#7#1#0.3|3.78#1#3#0.33#2#2	3.0	3013	1	2	3013	2	30133	3
30133	400000.0	260#285	1.0#2#7#1#0.3|4.53#1#3#0.33#2#2	3.0	3013	1	2	3013	3	30134	3
30134	400000.0	260#285	1.0#2#7#1#0.3|4.62#1#3#0.33#2#2	3.0	3013	1	2	3013	4	30135	3
30135	400000.0	260#285	1.0#2#7#1#0.3|4.68#1#3#0.33#2#2	3.0	3013	1	2	3013	5	30136	3
30136	400000.0	260#285	1.0#2#7#1#0.3|4.74#1#3#0.33#2#2	3.0	3013	1	2	3013	6	30137	3
30137	400000.0	260#285	1.0#2#7#1#0.3|4.8#1#3#0.33#2#2	3.0	3013	1	2	3013	7	30138	3
30138	400000.0	260#285	1.0#2#7#1#0.3|4.86#1#3#0.33#2#2	3.0	3013	1	2	3013	8	0	3
30211	250002.0	235#1#3	2#5#1#0.3|1.46#1|0.35#2#1	3.0	3021	1	1	3021	1	30212	1
30212	250002.0	235#1#3	2#5#1#0.3|1.75#1|0.47#2#1	3.0	3021	1	1	3021	2	30213	1
30213	250002.0	235#1#3	2#5#1#0.3|2.1#1|0.59#2#1	3.0	3021	1	1	3021	3	30214	1
30214	250002.0	235#1#3	2#5#1#0.312|2.19#1|0.614#2#1	3.0	3021	1	1	3021	4	30215	1
30215	250002.0	235#1#3	2#5#1#0.324|2.27#1|0.638#2#1	3.0	3021	1	1	3021	5	30216	1
30216	250002.0	235#1#3	2#5#1#0.336|2.36#1|0.661#2#1	3.0	3021	1	1	3021	6	30217	1
30217	250002.0	235#1#3	2#5#1#0.348|2.44#1|0.685#2#1	3.0	3021	1	1	3021	7	30218	1
30218	250002.0	235#1#3	2#5#1#0.36|2.52#1|0.708#2#1	3.0	3021	1	1	3021	8	0	1
30231	200211.0	232#1#226	1#0.3#2#5#1#0.15|2.61#1|12#0.15	3.0	3023	1	2	3023	1	30232	3
30232	200211.0	232#1#226	1#0.4#2#5#1#0.2|3.13#1|12#0.2	3.0	3023	1	2	3023	2	30233	3
30233	200211.0	232#1#226	1#0.4#2#5#1#0.25|3.75#1|12#0.25	3.0	3023	1	2	3023	3	30234	3
30234	200211.0	232#1#226	1#0.4#2#5#1#0.26|3.9#1|12#0.26	3.0	3023	1	2	3023	4	30235	3
30235	200211.0	232#1#226	1#0.4#2#5#1#0.27|4.05#1|12#0.27	3.0	3023	1	2	3023	5	30236	3
30236	200211.0	232#1#226	1#0.4#2#5#1#0.28|4.2#1|12#0.28	3.0	3023	1	2	3023	6	30237	3
30237	200211.0	232#1#226	1#0.4#2#5#1#0.29|4.35#1|12#0.29	3.0	3023	1	2	3023	7	30238	3
30238	200211.0	232#1#226	1#0.4#2#5#1#0.3|4.5#1|12#0.3	3.0	3023	1	2	3023	8	0	3
30311	200003|100211	1|24	0.82#2|1#1.7	1.0	3031	1	1	3031	1	30312	1
30312	200003|100211|180002	1|24|266	0.98#2|1#2.04|1.0#1#4#1#30#2	1.0	3031	1	1	3031	2	30313	1
30313	200003|100211|180002	1|24|266#266	1.18#2|1#2.45|1.0#1#4#1#70#2|1.0#1#22#1#0.25#1	1.0	3031	1	1	3031	3	30314	1
30314	200003|100211|180002	1|24|266#266	1.23#2|1#2.55|1.0#1#4#1#71#2|1.0#1#22#1#0.26#1	1.0	3031	1	1	3031	4	30315	1
30315	200003|100211|180002	1|24|266#266	1.28#2|1#2.65|1.0#1#4#1#72#2|1.0#1#22#1#0.27#1	1.0	3031	1	1	3031	5	30316	1
30316	200003|100211|180002	1|24|266#266	1.33#2|1#2.75|1.0#1#4#1#73#2|1.0#1#22#1#0.28#1	1.0	3031	1	1	3031	6	30317	1
30317	200003|100211|180002	1|24|266#266	1.37#2|1#2.85|1.0#1#4#1#74#2|1.0#1#22#1#0.29#1	1.0	3031	1	1	3031	7	30318	1
30318	200003|100211|180002	1|24|266#266	1.42#2|1#2.94|1.0#1#4#1#75#2|1.0#1#22#1#0.3#1	1.0	3031	1	1	3031	8	0	1
30331	100000|180000	24|211	1#0.99|0.6#1#22#1#0.2#1	3.0	3033	1	2	3033	1	30332	3
30332	100000|180000	24|211#211	1#1.19|0.8#1#22#1#0.2#1|0.8#1#4#1#30#2	3.0	3033	1	2	3033	2	30333	3
30333	100000|180000	24|211#211	1#1.43|0.8#1#22#1#0.25#1|0.8#1#4#1#70#2	3.0	3033	1	2	3033	3	30334	3
30334	100000|180000	24|211#211	1#1.49|0.8#1#22#1#0.26#1|0.8#1#4#1#71#2	3.0	3033	1	2	3033	4	30335	3
30335	100000|180000	24|211#211	1#1.55|0.8#1#22#1#0.27#1|0.8#1#4#1#72#2	3.0	3033	1	2	3033	5	30336	3
30336	100000|180000	24|211#211	1#1.61|0.8#1#22#1#0.28#1|0.8#1#4#1#73#2	3.0	3033	1	2	3033	6	30337	3
30337	100000|180000	24|211#211	1#1.66|0.8#1#22#1#0.29#1|0.8#1#4#1#74#2	3.0	3033	1	2	3033	7	30338	3
30338	100000|180000	24|211#211	1#1.72|0.8#1#22#1#0.3#1|0.8#1#4#1#75#2	3.0	3033	1	2	3033	8	0	3
30411	400000.0	1#3	1.72#2|0.6#4#1	1.0	3041	1	1	3041	1	30412	1
30412	400000.0	1#3	2.06#2|0.8#4#1	1.0	3041	1	1	3041	2	30413	1
30413	400000.0	260#1#3	1.0#2#10#1#0.3|2.47#2|1.0#4#2	1.0	3041	1	1	3041	3	30414	1
30414	400000.0	260#1#3	1.0#2#10#1#0.31|2.57#2|1.0#4#2	1.0	3041	1	1	3041	4	30415	1
30415	400000.0	260#1#3	1.0#2#10#1#0.32|2.67#2|1.0#4#2	1.0	3041	1	1	3041	5	30416	1
30416	400000.0	260#1#3	1.0#2#10#1#0.33|2.77#2|1.0#4#2	1.0	3041	1	1	3041	6	30417	1
30417	400000.0	260#1#3	1.0#2#10#1#0.34|2.87#2|1.0#4#2	1.0	3041	1	1	3041	7	30418	1
30418	400000.0	260#1#3	1.0#2#10#1#0.35|2.97#2|1.0#4#2	1.0	3041	1	1	3041	8	0	1
30431	200003.0	1#229	1.31#2|4#2#5#1#0.15	3.0	3043	1	2	3043	1	30432	3
30432	200004.0	1#229	1.37#2|4#2#5#1#0.2	3.0	3043	1	2	3043	2	30433	3
30433	200004.0	1#229	1.64#2|4#2#5#1#0.25	3.0	3043	1	2	3043	3	30434	3
30434	200004.0	1#229	1.71#2|4#2#5#1#0.26	3.0	3043	1	2	3043	4	30435	3
30435	200004.0	1#229	1.78#2|4#2#5#1#0.27	3.0	3043	1	2	3043	5	30436	3
30436	200004.0	1#229	1.84#2|4#2#5#1#0.28	3.0	3043	1	2	3043	6	30437	3
30437	200004.0	1#229	1.91#2|4#2#5#1#0.29	3.0	3043	1	2	3043	7	30438	3
30438	200004.0	1#229	1.97#2|4#2#5#1#0.3	3.0	3043	1	2	3043	8	0	3
30511	200000.0	1#3	1.0#2|0.15#1#2	3.0	3051	1	1	3051	1	30512	1
30512	200000.0	1#3	1.2#2|0.2#1#2	3.0	3051	1	1	3051	2	30513	1
30513	200000.0	1#3	1.44#2|0.25#1#2	3.0	3051	1	1	3051	3	0	1
30531	200000.0	239#1	1#6#3#0.1|1.15#2	3.0	3053	1	2	3053	1	30532	3
30532	200000.0	239#1	1#6#3#0.2|1.38#2	3.0	3053	1	2	3053	2	30533	3
30533	200000.0	239#1	1#6#3#0.3|1.66#2	3.0	3053	1	2	3053	3	0	3
30611	240001.0	288#1	1.0#1#23#3#0.2|1.81#1	1.0	3061	1	1	3061	1	30612	1
30612	240001.0	288#1	1.0#1#23#3#0.2|2.17#1	1.0	3061	1	1	3061	2	30613	1
30613	240001.0	288#1	1.0#1#23#3#0.2|2.61#1	1.0	3061	1	1	3061	3	30614	1
30614	240001.0	288#1	1.0#1#23#3#0.2|2.72#1	1.0	3061	1	1	3061	4	30615	1
30615	240001.0	288#1	1.0#1#23#3#0.2|2.82#1	1.0	3061	1	1	3061	5	30616	1
30616	240001.0	288#1	1.0#1#23#3#0.2|2.93#1	1.0	3061	1	1	3061	6	30617	1
30617	240001.0	288#1	1.0#1#23#3#0.2|3.03#1	1.0	3061	1	1	3061	7	30618	1
30618	240001.0	288#1	1.0#1#23#3#0.2|3.14#1	1.0	3061	1	1	3061	8	0	1
30631	200211.0	1#211	2.4#1|1.0#1#14#3#0.5#2	3.0	3063	1	2	3063	1	30632	3
30632	200211.0	1#211	2.88#1|1.0#1#14#3#0.5#2	3.0	3063	1	2	3063	2	30633	3
30633	200211.0	1#211	3.46#1|1.0#1#14#3#0.5#2	3.0	3063	1	2	3063	3	30634	3
30634	200211.0	1#211	3.6#1|1.0#1#14#3#0.52#2	3.0	3063	1	2	3063	4	30635	3
30635	200211.0	1#211	3.74#1|1.0#1#14#3#0.54#2	3.0	3063	1	2	3063	5	30636	3
30636	200211.0	1#211	3.88#1|1.0#1#14#3#0.56#2	3.0	3063	1	2	3063	6	30637	3
30637	200211.0	1#211	4.02#1|1.0#1#14#3#0.58#2	3.0	3063	1	2	3063	7	30638	3
30638	200211.0	1#211	4.16#1|1.0#1#14#3#0.6#2	3.0	3063	1	2	3063	8	0	3
30711	100000.0	24#211	1#0.58|1.0#1#22#1#0.1#2	1.0	3071	1	1	3071	1	30712	1
30712	100000.0	24#211	1#0.66|1.0#1#22#1#0.2#2	1.0	3071	1	1	3071	2	30713	1
30713	100000.0	24#211	1#0.81|1.0#1#22#1#0.3#2	1.0	3071	1	1	3071	3	30714	1
30714	100000.0	24#211	1#0.85|1.0#1#22#1#0.312#2	1.0	3071	1	1	3071	4	30715	1
30715	100000.0	24#211	1#0.88|1.0#1#22#1#0.324#2	1.0	3071	1	1	3071	5	30716	1
30716	100000.0	24#211	1#0.91|1.0#1#22#1#0.336#2	1.0	3071	1	1	3071	6	30717	1
30717	100000.0	24#211	1#0.94|1.0#1#22#1#0.348#2	1.0	3071	1	1	3071	7	30718	1
30718	100000.0	24#211	1#0.98|1.0#1#22#1#0.36#2	1.0	3071	1	1	3071	8	0	1
30731	700211.0	221	1#1.1#1#1.85	3.0	3073	1	2	3073	1	30732	3
30732	700211.0	221	1#1.29#1#2.07	3.0	3073	1	2	3073	2	30733	3
30733	700211.0	221	1#1.58#1#2.3	3.0	3073	1	2	3073	3	30734	3
30734	700211.0	221	1#1.65#1#2.4	3.0	3073	1	2	3073	4	30735	3
30735	700211.0	221	1#1.71#1#2.49	3.0	3073	1	2	3073	5	30736	3
30736	700211.0	221	1#1.77#1#2.58	3.0	3073	1	2	3073	6	30737	3
30737	700211.0	221	1#1.84#1#2.67	3.0	3073	1	2	3073	7	30738	3
30738	700211.0	221	1#1.9#1#2.76	3.0	3073	1	2	3073	8	0	3
30811	180322|300000	220#212|212	0.4#2#3|1.0#1#6#1#0.05#25#1#0.05#2|1.0#1#6#1#0.05#25#1#0.05#2	3.0	3081	1	1	3081	1	30812	1
30812	180322|300000	220#212|212	0.4#2#3|1.0#1#6#1#0.1#25#1#0.1#2|1.0#1#6#1#0.1#25#1#0.1#2	3.0	3081	1	1	3081	2	30813	1
30813	180322|300000	220#212|212	0.5#2#3|1.0#1#6#1#0.15#25#1#0.15#2|1.0#1#6#1#0.15#25#1#0.15#2	3.0	3081	1	1	3081	3	30814	1
30814	180322|300000	220#212|212	0.5#2#3|1.0#1#6#1#0.156#25#1#0.156#2|1.0#1#6#1#0.156#25#1#0.156#2	3.0	3081	1	1	3081	4	30815	1
30815	180322|300000	220#212|212	0.5#2#3|1.0#1#6#1#0.162#25#1#0.162#2|1.0#1#6#1#0.162#25#1#0.162#2	3.0	3081	1	1	3081	5	30816	1
30816	180322|300000	220#212|212	0.5#2#3|1.0#1#6#1#0.168#25#1#0.168#2|1.0#1#6#1#0.168#25#1#0.168#2	3.0	3081	1	1	3081	6	30817	1
30817	180322|300000	220#212|212	0.5#2#3|1.0#1#6#1#0.174#25#1#0.174#2|1.0#1#6#1#0.174#25#1#0.174#2	3.0	3081	1	1	3081	7	30818	1
30818	180322|300000	220#212|212	0.5#2#3|1.0#1#6#1#0.18#25#1#0.18#2|1.0#1#6#1#0.18#25#1#0.18#2	3.0	3081	1	1	3081	8	0	1
30831	300000.0	208#24	1.0#2#0#6|12#0.15	3.0	3083	1	2	3083	1	30832	3
30832	300000.0	208#24	1.0#2#0#6|12#0.2	3.0	3083	1	2	3083	2	30833	3
30833	300000.0	208#24	1.0#2#0#6|12#0.25	3.0	3083	1	2	3083	3	30834	3
30834	300000.0	208#24	1.0#2#0#6|12#0.26	3.0	3083	1	2	3083	4	30835	3
30835	300000.0	208#24	1.0#2#0#6|12#0.27	3.0	3083	1	2	3083	5	30836	3
30836	300000.0	208#24	1.0#2#0#6|12#0.28	3.0	3083	1	2	3083	6	30837	3
30837	300000.0	208#24	1.0#2#0#6|12#0.29	3.0	3083	1	2	3083	7	30838	3
30838	300000.0	208#24	1.0#2#0#6|12#0.3	3.0	3083	1	2	3083	8	0	3
30911	210001|300000	1#261|211	1.68#1|0.3#3#1#0.15#2|1.0#1#4#1#10#2	3.0	3091	1	1	3091	1	30912	1
30912	210001|300000	1#261|211	2.02#1|0.4#3#1#0.15#2|1.0#1#4#1#20#2	3.0	3091	1	1	3091	2	30913	1
30913	210001|300000	1#261|211	2.42#1|0.5#3#1#0.15#2|1.0#1#4#1#30#2	3.0	3091	1	1	3091	3	30914	1
30914	210001|300000	1#261|211	2.52#1|0.52#3#1#0.15#2|1.0#1#4#1#30#2	3.0	3091	1	1	3091	4	30915	1
30915	210001|300000	1#261|211	2.62#1|0.54#3#1#0.15#2|1.0#1#4#1#30#2	3.0	3091	1	1	3091	5	30916	1
30916	210001|300000	1#261|211	2.72#1|0.56#3#1#0.15#2|1.0#1#4#1#30#2	3.0	3091	1	1	3091	6	30917	1
30917	210001|300000	1#261|211	2.81#1|0.58#3#1#0.15#2|1.0#1#4#1#30#2	3.0	3091	1	1	3091	7	30918	1
30918	210001|300000	1#261|211	2.91#1|0.6#3#1#0.15#2|1.0#1#4#1#30#2	3.0	3091	1	1	3091	8	0	1
30931	240000.0	1#261	1.31#1|0.2#3#1#0.15#2	3.0	3093	1	2	3093	1	30932	3
30932	240000.0	1#261	1.58#1|0.3#3#1#0.15#2	3.0	3093	1	2	3093	2	30933	3
30933	240000.0	1#261	1.89#1|0.4#3#1#0.15#2	3.0	3093	1	2	3093	3	30934	3
30934	240000.0	1#261	1.97#1|0.42#3#1#0.15#2	3.0	3093	1	2	3093	4	30935	3
30935	240000.0	1#261	2.05#1|0.44#3#1#0.15#2	3.0	3093	1	2	3093	5	30936	3
30936	240000.0	1#261	2.12#1|0.46#3#1#0.15#2	3.0	3093	1	2	3093	6	30937	3
30937	240000.0	1#261	2.2#1|0.48#3#1#0.15#2	3.0	3093	1	2	3093	7	30938	3
30938	240000.0	1#261	2.27#1|0.5#3#1#0.15#2	3.0	3093	1	2	3093	8	0	3
31011	100000.0	24	1#0.5	1.0	3101	1	1	3101	1	0	1
31031	100211.0	24#211	1#2.7|1.0#1#22#1#0.1#2	3.0	3103	1	2	3103	1	0	3
31111	200000.0	1	1.11#2	1.0	3111	1	1	3111	1	0	1
31131	200000.0	1#254	1.39#2|0.6#1#1#4#0.3#2	3.0	3113	1	2	3113	1	0	3
31211	400000.0	1#255	1.2#1|0.6#1	1.0	3121	1	1	3121	1	0	1
31231	180002|300000	211|211	1.0#1#23#1#0.2#2|1.0#1#23#1#0.2#2	3.0	3123	1	2	3123	1	0	3
31311	200211.0	1#254	1.5#1|0.3#1#2#3#0.2#2	1.0	3131	1	1	3131	1	31312	1
31312	200211.0	1#254	1.8#1|0.4#1#2#3#0.2#2	1.0	3131	1	1	3131	2	31313	1
31313	200211.0	1#254	2.16#1|0.5#1#2#3#0.2#2	1.0	3131	1	1	3131	3	0	1
31331	200211.0	260#10	1.0#2#9#1#0.1|2.0#1#0.3	3.0	3133	1	2	3133	1	31332	3
31332	200211.0	260#10	1.0#2#9#1#0.1|2.4#1#0.3	3.0	3133	1	2	3133	2	31333	3
31333	200211.0	260#10	1.0#2#9#1#0.1|2.88#1#0.3	3.0	3133	1	2	3133	3	0	3
31411	100211.0	24	1#1.2	1.0	3141	1	2	3141	1	0	3
31431	100323.0	211	1.0#1#9#1#0.2#2	3.0	3143	1	1	3143	1	0	1
31711	200000.0	1#254	0.9#1|0.2#1#1#4#0.15#2	3.0	3171	1	1	3171	1	0	1
32011	200211.0	1	2.47#1	3.0	3201	1	1	3201	1	0	1
32211	200000.0	1	1.18#2	3.0	3221	1	1	3221	1	0	1
40111	100323.0	208#211	1.0#1#1#6|1.0#1#22#1#0.15#2	3.0	4011	1	1	4011	1	40112	1
40112	100323.0	208#211#236	1.0#1#2#6|1.0#1#22#1#0.2#2|3#9#1#0.1#2	3.0	4011	1	1	4011	2	40113	1
40113	100324.0	208#211#236	1.0#1#0#6|1.0#1#22#1#0.25#2|3#9#1#0.2#2	3.0	4011	1	1	4011	3	40114	1
40114	100324.0	208#211#236	1.0#1#0#6|1.0#1#22#1#0.26#2|3#9#1#0.208#2	3.0	4011	1	1	4011	4	40115	1
40115	100324.0	208#211#236	1.0#1#0#6|1.0#1#22#1#0.27#2|3#9#1#0.216#2	3.0	4011	1	1	4011	5	40116	1
40116	100324.0	208#211#236	1.0#1#0#6|1.0#1#22#1#0.28#2|3#9#1#0.224#2	3.0	4011	1	1	4011	6	40117	1
40117	100324.0	208#211#236	1.0#1#0#6|1.0#1#22#1#0.29#2|3#9#1#0.232#2	3.0	4011	1	1	4011	7	40118	1
40118	100324.0	208#211#236	1.0#1#0#6|1.0#1#22#1#0.3#2|3#9#1#0.24#2	3.0	4011	1	1	4011	8	0	1
40131	100000.0	253	20#1#0.1#2#1#0	3.0	4013	1	2	4013	1	40132	3
40132	100000.0	253	20#1#0.1#2#1#0.82	3.0	4013	1	2	4013	2	40133	3
40133	100000.0	253	20#1#0.15#2#1#0.98	3.0	4013	1	2	4013	3	40134	3
40134	100000.0	253	20#1#0.156#2#1#1.02	3.0	4013	1	2	4013	4	40135	3
40135	100000.0	253	20#1#0.162#2#1#1.06	3.0	4013	1	2	4013	5	40136	3
40136	100000.0	253	20#1#0.168#2#1#1.1	3.0	4013	1	2	4013	6	40137	3
40137	100000.0	253	20#1#0.174#2#1#1.14	3.0	4013	1	2	4013	7	40138	3
40138	100000.0	253	20#1#0.18#2#1#1.18	3.0	4013	1	2	4013	8	0	3
40211	100000.0	24#214	1#0.69|1.0#2#6#1#0.15#14#1#0.25#11#1#0#2	1.0	4021	1	1	4021	1	40212	1
40212	100000.0	24#214	1#0.83|1.0#2#6#1#0.15#14#1#0.25#11#1#0#2	1.0	4021	1	1	4021	2	40213	1
40213	100000.0	24#214	1#0.99|1.0#2#6#1#0.15#14#1#0.25#11#1#0.15#2	1.0	4021	1	1	4021	3	40214	1
40214	100000.0	24#214	1#1.03|1.0#2#6#1#0.15#14#1#0.25#11#1#0.156#2	1.0	4021	1	1	4021	4	40215	1
40215	100000.0	24#214	1#1.07|1.0#2#6#1#0.15#14#1#0.25#11#1#0.162#2	1.0	4021	1	1	4021	5	40216	1
40216	100000.0	24#214	1#1.11|1.0#2#6#1#0.15#14#1#0.25#11#1#0.168#2	1.0	4021	1	1	4021	6	40217	1
40217	100000.0	24#214	1#1.15|1.0#2#6#1#0.15#14#1#0.25#11#1#0.174#2	1.0	4021	1	1	4021	7	40218	1
40218	100000.0	24#214	1#1.19|1.0#2#6#1#0.15#14#1#0.25#11#1#0.18#2	1.0	4021	1	1	4021	8	0	1
40231	700211.0	221	1#1.1#1#1.85	3.0	4023	1	2	4023	1	40232	3
40232	700211.0	221	1#1.29#1#2.07	3.0	4023	1	2	4023	2	40233	3
40233	700211.0	221	1#1.58#1#2.3	3.0	4023	1	2	4023	3	40234	3
40234	700211.0	221	1#1.65#1#2.4	3.0	4023	1	2	4023	4	40235	3
40235	700211.0	221	1#1.71#1#2.49	3.0	4023	1	2	4023	5	40236	3
40236	700211.0	221	1#1.77#1#2.58	3.0	4023	1	2	4023	6	40237	3
40237	700211.0	221	1#1.84#1#2.67	3.0	4023	1	2	4023	7	40238	3
40238	700211.0	221	1#1.9#1#2.76	3.0	4023	1	2	4023	8	0	3
40311	240000.0	1#254	0.82#2|0.7#1#2#3#0.3#2	3.0	4031	1	1	4031	1	40312	1
40312	240000.0	1#254	0.98#2|0.73#1#2#3#0.3#2	3.0	4031	1	1	4031	2	40313	1
40313	240000.0	1#254	1.18#2|0.76#1#2#3#0.4#2	3.0	4031	1	1	4031	3	40314	1
40314	240000.0	1#254	1.23#2|0.794#1#2#3#0.4#2	3.0	4031	1	1	4031	4	40315	1
40315	240000.0	1#254	1.28#2|0.825#1#2#3#0.4#2	3.0	4031	1	1	4031	5	40316	1
40316	240000.0	1#254	1.33#2|0.856#1#2#3#0.4#2	3.0	4031	1	1	4031	6	40317	1
40317	240000.0	1#254	1.37#2|0.887#1#2#3#0.4#2	3.0	4031	1	1	4031	7	40318	1
40318	240000.0	1#254	1.42#2|0.917#1#2#3#0.4#2	3.0	4031	1	1	4031	8	0	1
40331	100000.0	24#211	1#0.99|1.0#1#22#1#0.15#2	3.0	4033	1	2	4033	1	40332	3
40332	100000.0	24#211	1#1.19|1.0#1#22#1#0.2#2	3.0	4033	1	2	4033	2	40333	3
40333	100000.0	24#211	1#1.43|1.0#1#22#1#0.25#2	3.0	4033	1	2	4033	3	40334	3
40334	100000.0	24#211	1#1.49|1.0#1#22#1#0.26#2	3.0	4033	1	2	4033	4	40335	3
40335	100000.0	24#211	1#1.55|1.0#1#22#1#0.27#2	3.0	4033	1	2	4033	5	40336	3
40336	100000.0	24#211	1#1.61|1.0#1#22#1#0.28#2	3.0	4033	1	2	4033	6	40337	3
40337	100000.0	24#211	1#1.66|1.0#1#22#1#0.29#2	3.0	4033	1	2	4033	7	40338	3
40338	100000.0	24#211	1#1.72|1.0#1#22#1#0.3#2	3.0	4033	1	2	4033	8	0	3
40411	200000.0	1#3	0.69#1|0.1#1#2	3.0	4041	1	1	4041	1	40412	1
40412	200000.0	1#3	0.83#1|0.2#1#2	3.0	4041	1	1	4041	2	40413	1
40413	200000.0	1#3	0.99#1|0.3#1#2	3.0	4041	1	1	4041	3	0	1
40431	100000.0	213	1.0#2#12#0.1	3.0	4043	1	2	4043	1	40432	3
40432	100000.0	213	1.0#2#12#0.15	3.0	4043	1	2	4043	2	40433	3
40433	100000.0	213	1.0#2#12#0.2	3.0	4043	1	2	4043	3	0	3
40511	400000.0	287#288#1	5#1#6#3#0.15|1.0#1#23#3#0.3|1.61#1	1.0	4051	1	1	4051	1	40512	1
40512	400000.0	287#288#1	5#1#6#3#0.2|1.0#1#23#3#0.4|1.93#1	1.0	4051	1	1	4051	2	40513	1
40513	400000.0	287#288#10	5#1#6#3#0.25|1.0#1#23#3#0.4|2.31#1#0.3	1.0	4051	1	1	4051	3	40514	1
40514	400000.0	287#288#10	5#1#6#3#0.26|1.0#1#23#3#0.4|2.41#1#0.312	1.0	4051	1	1	4051	4	40515	1
40515	400000.0	287#288#10	5#1#6#3#0.27|1.0#1#23#3#0.4|2.5#1#0.324	1.0	4051	1	1	4051	5	40516	1
40516	400000.0	287#288#10	5#1#6#3#0.28|1.0#1#23#3#0.4|2.59#1#0.336	1.0	4051	1	1	4051	6	40517	1
40517	400000.0	287#288#10	5#1#6#3#0.29|1.0#1#23#3#0.4|2.68#1#0.348	1.0	4051	1	1	4051	7	40518	1
40518	400000.0	287#288#10	5#1#6#3#0.3|1.0#1#23#3#0.4|2.78#1#0.36	1.0	4051	1	1	4051	8	0	1
40611	200321.0	1#211	1.81#2|0.6#1#22#3#0.2#2	1.0	4061	1	1	4061	1	40612	1
40612	200321.0	1#211	2.17#2|0.8#1#22#3#0.25#2	1.0	4061	1	1	4061	2	40613	1
40613	200321.0	1#211	2.6#2|1.0#1#22#3#0.3#2	1.0	4061	1	1	4061	3	40614	1
40614	200321.0	1#211	2.71#2|1.0#1#22#3#0.3#2	1.0	4061	1	1	4061	4	40615	1
40615	200321.0	1#211	2.81#2|1.0#1#22#3#0.3#2	1.0	4061	1	1	4061	5	40616	1
40616	200321.0	1#211	2.92#2|1.0#1#22#3#0.3#2	1.0	4061	1	1	4061	6	40617	1
40617	200321.0	1#211	3.02#2|1.0#1#22#3#0.3#2	1.0	4061	1	1	4061	7	40618	1
40618	200321.0	1#211	3.12#2|1.0#1#22#3#0.3#2	1.0	4061	1	1	4061	8	0	1
40631	200000.0	1#208	1.05#2|0.5#1#0#3	3.0	4063	1	2	4063	1	40632	3
40632	200000.0	1#208	1.26#2|0.6#1#0#3	3.0	4063	1	2	4063	2	40633	3
40633	200000.0	1#209	1.51#2|0.6#0#12#0.05#1#1	3.0	4063	1	2	4063	3	40634	3
40634	200000.0	1#209	1.58#2|0.624#0#12#0.05#1#1	3.0	4063	1	2	4063	4	40635	3
40635	200000.0	1#209	1.64#2|0.648#0#12#0.05#1#1	3.0	4063	1	2	4063	5	40636	3
40636	200000.0	1#209	1.7#2|0.672#0#12#0.05#1#1	3.0	4063	1	2	4063	6	40637	3
40637	200000.0	1#209	1.76#2|0.696#0#12#0.05#1#1	3.0	4063	1	2	4063	7	40638	3
40638	200000.0	1#209	1.82#2|0.72#0#12#0.05#1#1	3.0	4063	1	2	4063	8	0	3
40711	200000.0	1#254	0.89#2|0.3#1#5#3#0.1#3	3.0	4071	1	1	4071	1	40712	1
40712	200000.0	1#254	1.07#2|0.4#1#5#3#0.1#3	3.0	4071	1	1	4071	2	40713	1
40713	200000.0	1#254	1.28#2|0.5#1#5#3#0.1#3	3.0	4071	1	1	4071	3	40714	1
40714	200000.0	1#254	1.34#2|0.52#1#5#3#0.104#3	3.0	4071	1	1	4071	4	40715	1
40715	200000.0	1#254	1.39#2|0.54#1#5#3#0.108#3	3.0	4071	1	1	4071	5	40716	1
40716	200000.0	1#254	1.44#2|0.56#1#5#3#0.112#3	3.0	4071	1	1	4071	6	40717	1
40717	200000.0	1#254	1.49#2|0.58#1#5#3#0.116#3	3.0	4071	1	1	4071	7	40718	1
40718	200000.0	1#254	1.54#2|0.6#1#5#3#0.12#3	3.0	4071	1	1	4071	8	0	1
40731	200000.0	1#230	1.05#2|5#0.3#1#2	3.0	4073	1	2	4073	1	40732	3
40732	200000.0	1#230	1.26#2|5#0.35#1#2	3.0	4073	1	2	4073	2	40733	3
40733	200000.0	1#230#231	1.51#2|5#0.45#1#2|5#0.2#1#2	3.0	4073	1	2	4073	3	40734	3
40734	200000.0	1#230#231	1.58#2|5#0.45#1#2|5#0.208#1#2	3.0	4073	1	2	4073	4	40735	3
40735	200000.0	1#230#231	1.64#2|5#0.45#1#2|5#0.216#1#2	3.0	4073	1	2	4073	5	40736	3
40736	200000.0	1#230#231	1.7#2|5#0.45#1#2|5#0.224#1#2	3.0	4073	1	2	4073	6	40737	3
40737	200000.0	1#230#231	1.76#2|5#0.45#1#2|5#0.232#1#2	3.0	4073	1	2	4073	7	40738	3
40738	200000.0	1#230#231	1.82#2|5#0.45#1#2|5#0.24#1#2	3.0	4073	1	2	4073	8	0	3
40811	200000.0	1#261	1.0#1|0.1#4#1#0.15#2	3.0	4081	1	1	4081	1	40812	1
40812	200000.0	1#261	1.2#1|0.2#4#1#0.15#2	3.0	4081	1	1	4081	2	40813	1
40813	200000.0	1#261	1.44#1|0.3#4#1#0.15#2	3.0	4081	1	1	4081	3	40814	1
40814	200000.0	1#261	1.5#1|0.312#4#1#0.15#2	3.0	4081	1	1	4081	4	40815	1
40815	200000.0	1#261	1.56#1|0.324#4#1#0.15#2	3.0	4081	1	1	4081	5	40816	1
40816	200000.0	1#261	1.62#1|0.336#4#1#0.15#2	3.0	4081	1	1	4081	6	40817	1
40817	200000.0	1#261	1.68#1|0.348#4#1#0.15#2	3.0	4081	1	1	4081	7	40818	1
40818	200000.0	1#261	1.73#1|0.36#4#1#0.15#2	3.0	4081	1	1	4081	8	0	1
40831	400000.0	1#252	3.64#1|1	3.0	4083	1	2	4083	1	40832	3
40832	400000.0	1#252	4.38#1|1	3.0	4083	1	2	4083	2	40833	3
40833	400000.0	1#252	5.26#1|1	3.0	4083	1	2	4083	3	40834	3
40834	400000.0	1#252	5.48#1|1	3.0	4083	1	2	4083	4	40835	3
40835	400000.0	1#252	5.69#1|1	3.0	4083	1	2	4083	5	40836	3
40836	400000.0	1#252	5.9#1|1	3.0	4083	1	2	4083	6	40837	3
40837	400000.0	1#252	6.11#1|1	3.0	4083	1	2	4083	7	40838	3
40838	400000.0	1#252	6.32#1|1	3.0	4083	1	2	4083	8	0	3
40911	400000.0	1#3	1.68#2|0.2#1#2	1.0	4091	1	1	4091	1	0	1
40931	200000.0	1#3	1.29#2|0.2#1#2	3.0	4093	1	2	4093	1	0	3
41011	210000.0	1	1.34#1	3.0	4101	1	1	4101	1	0	1
41031	400000.0	1	2.1#1	3.0	4103	1	2	4103	1	0	3
41111	200003.0	1#211	0.93#2|1.0#1#23#3#0.15#2	1.0	4111	1	1	4111	1	0	1
41131	100000.0	24#211	1#0.98|1.0#1#23#1#0.2#2	3.0	4113	1	2	4113	1	0	3
41211	100211.0	24	1#1.18	1.0	4121	1	1	4121	1	0	1
41231	100000.0	24#211	1#0.98|1.0#1#22#1#0.2#2	3.0	4123	1	2	4123	1	0	3
41311	200211.0	1	2.28#2	3.0	4131	1	1	4131	1	0	1
41411	200321.0	1#205	1.81#1|0.3#1#1#2#3#0.3	1.0	4141	1	1	4141	1	41412	1
41412	200321.0	1#205	2.17#1|0.35#1#1#2#3#0.3	1.0	4141	1	1	4141	2	41413	1
41413	200321.0	1#205	2.6#1|0.4#1#1#2#3#0.3	1.0	4141	1	1	4141	3	41414	1
41414	200321.0	1#205	2.71#1|0.42#1#1#2#3#0.3	1.0	4141	1	1	4141	4	41415	1
41415	200321.0	1#205	2.81#1|0.44#1#1#2#3#0.3	1.0	4141	1	1	4141	5	41416	1
41416	200321.0	1#205	2.92#1|0.46#1#1#2#3#0.3	1.0	4141	1	1	4141	6	41417	1
41417	200321.0	1#205	3.02#1|0.48#1#1#2#3#0.3	1.0	4141	1	1	4141	7	41418	1
41418	200321.0	1#205	3.12#1|0.5#1#1#2#3#0.3	1.0	4141	1	1	4141	8	0	1
41431	200000.0	249#1#211	1#0.5#1#23#3#0.2|1.05#1|0.3#1#9#3#0.1#2	3.0	4143	1	2	4143	1	41432	3
41432	200000.0	249#1#211	1#0.5#1#23#3#0.2|1.26#1|0.4#1#9#3#0.15#2	3.0	4143	1	2	4143	2	41433	3
41433	200000.0	249#1#211	1#0.5#1#23#3#0.2|1.51#1|0.5#1#9#3#0.2#2	3.0	4143	1	2	4143	3	41434	3
41434	200000.0	249#1#211	1#0.5#1#23#3#0.2|1.58#1|0.5#1#9#3#0.21#2	3.0	4143	1	2	4143	4	41435	3
41435	200000.0	249#1#211	1#0.5#1#23#3#0.2|1.64#1|0.5#1#9#3#0.22#2	3.0	4143	1	2	4143	5	41436	3
41436	200000.0	249#1#211	1#0.5#1#23#3#0.2|1.7#1|0.5#1#9#3#0.23#2	3.0	4143	1	2	4143	6	41437	3
41437	200000.0	249#1#211	1#0.5#1#23#3#0.2|1.76#1|0.5#1#9#3#0.24#2	3.0	4143	1	2	4143	7	41438	3
41438	200000.0	249#1#211	1#0.5#1#23#3#0.2|1.82#1|0.5#1#9#3#0.25#2	3.0	4143	1	2	4143	8	0	3
41511	270000|270121	1|261	1.44#1|0.4#6#12#0.07#2	3.0	4151	1	1	4151	1	41512	1
41512	270000|270121	1|261	1.73#1|0.5#6#12#0.07#2	3.0	4151	1	1	4151	2	41513	1
41513	270000|270121	1|261	2.07#1|0.6#6#12#0.07#2	3.0	4151	1	1	4151	3	41514	1
41514	270000|270121	1|261	2.16#1|0.63#6#12#0.07#2	3.0	4151	1	1	4151	4	41515	1
41515	270000|270121	1|261	2.24#1|0.66#6#12#0.07#2	3.0	4151	1	1	4151	5	41516	1
41516	270000|270121	1|261	2.32#1|0.69#6#12#0.07#2	3.0	4151	1	1	4151	6	41517	1
41517	270000|270121	1|261	2.41#1|0.72#6#12#0.07#2	3.0	4151	1	1	4151	7	41518	1
41518	270000|270121	1|261	2.49#1|0.75#6#12#0.07#2	3.0	4151	1	1	4151	8	0	1
41531	200000.0	290	1.05#1#1.0#0.1#0.3#4#2	3.0	4153	1	2	4153	1	41532	3
41532	200000.0	290	1.26#1#1.0#0.15#0.4#4#2	3.0	4153	1	2	4153	2	41533	3
41533	200000.0	290	1.51#1#1.0#0.2#0.5#4#2	3.0	4153	1	2	4153	3	41534	3
41534	200000.0	290	1.58#1#1.0#0.21#0.52#4#2	3.0	4153	1	2	4153	4	41535	3
41535	200000.0	290	1.64#1#1.0#0.22#0.54#4#2	3.0	4153	1	2	4153	5	41536	3
41536	200000.0	290	1.7#1#1.0#0.23#0.56#4#2	3.0	4153	1	2	4153	6	41537	3
41537	200000.0	290	1.76#1#1.0#0.24#0.58#4#2	3.0	4153	1	2	4153	7	41538	3
41538	200000.0	290	1.82#1#1.0#0.25#0.6#4#2	3.0	4153	1	2	4153	8	0	3
50111	200000.0	1#254	0.73#1|0.6#1#6#3#0.2#2	1.0	5011	1	1	5011	1	50112	1
50112	200000.0	267#1#254	2#5#1#0.03|0.87#1|0.8#1#6#3#0.2#2#19	1.0	5011	1	1	5011	2	50113	1
50113	200000.0	267#1#254	2#5#1#0.05|1.05#1|1.0#1#6#3#0.2#2#19	1.0	5011	1	1	5011	3	50114	1
50114	200000.0	267#1#254	2#5#1#0.05|1.1#1|1.0#1#6#3#0.2#2#19	1.0	5011	1	1	5011	4	50115	1
50115	200000.0	267#1#254	2#5#1#0.05|1.14#1|1.0#1#6#3#0.2#2#19	1.0	5011	1	1	5011	5	50116	1
50116	200000.0	267#1#254	2#5#1#0.05|1.18#1|1.0#1#6#3#0.2#2#19	1.0	5011	1	1	5011	6	50117	1
50117	200000.0	267#1#254	2#5#1#0.05|1.22#1|1.0#1#6#3#0.2#2#19	1.0	5011	1	1	5011	7	50118	1
50118	200000.0	267#1#254	2#5#1#0.05|1.26#1|1.0#1#6#3#0.2#2#19	1.0	5011	1	1	5011	8	0	1
50131	220801.0	250	2.23#1.0#1#1	3.0	5013	1	2	5013	1	50132	3
50132	220801.0	250#251	2.69#1.2#1#1|0.2#0.2#4	3.0	5013	1	2	5013	2	50133	3
50133	220801.0	250#251	3.21#1.46#1#1|0.3#0.3#4	3.0	5013	1	2	5013	3	50134	3
50134	220801.0	250#251	3.34#1.52#1#1|0.3#0.3#4	3.0	5013	1	2	5013	4	50135	3
50135	220801.0	250#251	3.47#1.58#1#1|0.3#0.3#4	3.0	5013	1	2	5013	5	50136	3
50136	220801.0	250#251	3.6#1.64#1#1|0.3#0.3#4	3.0	5013	1	2	5013	6	50137	3
50137	220801.0	250#251	3.73#1.7#1#1|0.3#0.3#4	3.0	5013	1	2	5013	7	50138	3
50138	220801.0	250#251	3.86#1.76#1#1|0.3#0.3#4	3.0	5013	1	2	5013	8	0	3
50211	220000.0	269	1.26#2#0.5#2	3.0	5021	1	1	5021	1	50212	1
50212	220000.0	269	1.51#2#1.0#2	3.0	5021	1	1	5021	2	50213	1
50213	220000.0	269	1.8#2#1.5#2	3.0	5021	1	1	5021	3	50214	1
50214	220000.0	269	1.88#2#1.56#2	3.0	5021	1	1	5021	4	50215	1
50215	220000.0	269	1.95#2#1.62#2	3.0	5021	1	1	5021	5	50216	1
50216	220000.0	269	2.02#2#1.68#2	3.0	5021	1	1	5021	6	50217	1
50217	220000.0	269	2.09#2#1.74#2	3.0	5021	1	1	5021	7	50218	1
50218	220000.0	269	2.16#2#1.8#2	3.0	5021	1	1	5021	8	0	1
50231	200000|100000	1#247|277	0.3#2|0.3#0.2#0.3#1#2#12#0.05#1#2|0.5#1#0.1#22#1#0.1#2	3.0	5023	1	2	5023	1	50232	3
50232	200000|100000	1#247|277	0.3#2|0.3#0.2#0.3#2#2#12#0.05#1#2|0.5#1#0.1#22#1#0.15#2	3.0	5023	1	2	5023	2	50233	3
50233	200000|100000	1#247|277	0.3#2|0.3#0.2#0.3#2#2#12#0.05#1#2|0.5#1#0.15#22#1#0.2#2	3.0	5023	1	2	5023	3	50234	3
50234	200000|100000	1#247|277	0.3#2|0.3#0.2#0.3#2#2#12#0.05#1#2|0.5#1#0.156#22#1#0.208#2	3.0	5023	1	2	5023	4	50235	3
50235	200000|100000	1#247|277	0.3#2|0.3#0.2#0.3#2#2#12#0.05#1#2|0.5#1#0.162#22#1#0.216#2	3.0	5023	1	2	5023	5	50236	3
50236	200000|100000	1#247|277	0.3#2|0.3#0.2#0.3#2#2#12#0.05#1#2|0.5#1#0.168#22#1#0.224#2	3.0	5023	1	2	5023	6	50237	3
50237	200000|100000	1#247|277	0.3#2|0.3#0.2#0.3#2#2#12#0.05#1#2|0.5#1#0.174#22#1#0.232#2	3.0	5023	1	2	5023	7	50238	3
50238	200000|100000	1#247|277	0.3#2|0.3#0.2#0.3#2#2#12#0.05#1#2|0.5#1#0.18#22#1#0.24#2	3.0	5023	1	2	5023	8	0	3
50311	240000.0	1#3	0.83#1|0.2#2#2	1.0	5031	1	1	5031	1	50312	1
50312	240000.0	1#3	1.0#1|0.25#2#2	1.0	5031	1	1	5031	2	50313	1
50313	240000.0	1#3	1.2#1|0.3#2#2	1.0	5031	1	1	5031	3	50314	1
50314	240000.0	1#3	1.25#1|0.312#2#2	1.0	5031	1	1	5031	4	50315	1
50315	240000.0	1#3	1.3#1|0.324#2#2	1.0	5031	1	1	5031	5	50316	1
50316	240000.0	1#3	1.35#1|0.336#2#2	1.0	5031	1	1	5031	6	50317	1
50317	240000.0	1#3	1.4#1|0.348#2#2	1.0	5031	1	1	5031	7	50318	1
50318	240000.0	1#3	1.44#1|0.36#2#2	1.0	5031	1	1	5031	8	0	1
50331	200211.0	10	2.38#1#0.1	3.0	5033	1	2	5033	1	50332	3
50332	200211.0	10	2.86#1#0.15	3.0	5033	1	2	5033	2	50333	3
50333	200211.0	10	3.43#1#0.2	3.0	5033	1	2	5033	3	50334	3
50334	200211.0	10	3.57#1#0.208	3.0	5033	1	2	5033	4	50335	3
50335	200211.0	10	3.71#1#0.216	3.0	5033	1	2	5033	5	50336	3
50336	200211.0	10	3.85#1#0.224	3.0	5033	1	2	5033	6	50337	3
50337	200211.0	10	3.98#1#0.232	3.0	5033	1	2	5033	7	50338	3
50338	200211.0	10	4.12#1#0.24	3.0	5033	1	2	5033	8	0	3
50411	200000.0	1#268	0.75#2|0.45#2#1#0.3	1.0	5041	1	1	5041	1	50412	1
50412	200000.0	1#268	0.9#2|0.5#2#1#0.3	1.0	5041	1	1	5041	2	50413	1
50413	200000.0	1#268	1.08#2|0.55#2#1#0.3	1.0	5041	1	1	5041	3	50414	1
50414	200000.0	1#268	1.13#2|0.572#2#1#0.3	1.0	5041	1	1	5041	4	50415	1
50415	200000.0	1#268	1.17#2|0.594#2#1#0.3	1.0	5041	1	1	5041	5	50416	1
50416	200000.0	1#268	1.21#2|0.616#2#1#0.3	1.0	5041	1	1	5041	6	50417	1
50417	200000.0	1#268	1.26#2|0.638#2#1#0.3	1.0	5041	1	1	5041	7	50418	1
50418	200000.0	1#268	1.3#2|0.66#2#1#0.3	1.0	5041	1	1	5041	8	0	1
50431	200000.0	1#270	1.05#2|0.1#1#1	3.0	5043	1	2	5043	1	50432	3
50432	200000.0	1#270	1.26#2|0.15#1#1	3.0	5043	1	2	5043	2	50433	3
50433	200000.0	1#270	1.51#2|0.2#1#1	3.0	5043	1	2	5043	3	50434	3
50434	200000.0	1#270	1.58#2|0.208#1#1	3.0	5043	1	2	5043	4	50435	3
50435	200000.0	1#270	1.64#2|0.216#1#1	3.0	5043	1	2	5043	5	50436	3
50436	200000.0	1#270	1.7#2|0.224#1#1	3.0	5043	1	2	5043	6	50437	3
50437	200000.0	1#270	1.76#2|0.232#1#1	3.0	5043	1	2	5043	7	50438	3
50438	200000.0	1#270	1.82#2|0.24#1#1	3.0	5043	1	2	5043	8	0	3
50511	240000.0	1	1.71#1	3.0	5051	1	1	5051	1	50512	1
50512	240000.0	1	2.05#1	3.0	5051	1	1	5051	2	50513	1
50513	240000.0	1#261	2.46#1|1.0#3#1#0.15#2	3.0	5051	1	1	5051	3	50514	1
50514	240000.0	1#261	2.56#1|1.0#3#1#0.15#2	3.0	5051	1	1	5051	4	50515	1
50515	240000.0	1#261	2.66#1|1.0#3#1#0.15#2	3.0	5051	1	1	5051	5	50516	1
50516	240000.0	1#261	2.76#1|1.0#3#1#0.15#2	3.0	5051	1	1	5051	6	50517	1
50517	240000.0	1#261	2.86#1|1.0#3#1#0.15#2	3.0	5051	1	1	5051	7	50518	1
50518	240000.0	1#261	2.96#1|1.0#3#1#0.15#2	3.0	5051	1	1	5051	8	0	1
50531	400000.0	1#286	3.61#1|1#1	3.0	5053	1	2	5053	1	50532	3
50532	400000.0	1#286	4.33#1|1#1	3.0	5053	1	2	5053	2	50533	3
50533	400000.0	1#286	5.2#1|0.5#1	3.0	5053	1	2	5053	3	50534	3
50534	400000.0	1#286	5.41#1|0.5#1	3.0	5053	1	2	5053	4	50535	3
50535	400000.0	1#286	5.62#1|0.5#1	3.0	5053	1	2	5053	5	50536	3
50536	400000.0	1#286	5.83#1|0.5#1	3.0	5053	1	2	5053	6	50537	3
50537	400000.0	1#286	6.04#1|0.5#1	3.0	5053	1	2	5053	7	50538	3
50538	400000.0	1#286	6.24#1|0.5#1	3.0	5053	1	2	5053	8	0	3
50611	210001.0	1#268	1.23#1|1.0#2#1#0.3	1.0	5061	1	1	5061	1	50612	1
50612	210001.0	1#268	1.48#1|1.0#2#1#0.3	1.0	5061	1	1	5061	2	50613	1
50613	210001|300000	1#268|211	1.77#1|1.0#2#1#0.3|1.0#1#6#1#0.2#2	1.0	5061	1	1	5061	3	50614	1
50614	210001|300000	1#268|211	1.85#1|1.0#2#1#0.3|1.0#1#6#1#0.208#2	1.0	5061	1	1	5061	4	50615	1
50615	210001|300000	1#268|211	1.92#1|1.0#2#1#0.3|1.0#1#6#1#0.216#2	1.0	5061	1	1	5061	5	50616	1
50616	210001|300000	1#268|211	1.99#1|1.0#2#1#0.3|1.0#1#6#1#0.224#2	1.0	5061	1	1	5061	6	50617	1
50617	210001|300000	1#268|211	2.06#1|1.0#2#1#0.3|1.0#1#6#1#0.232#2	1.0	5061	1	1	5061	7	50618	1
50618	210001|300000	1#268|211	2.13#1|1.0#2#1#0.3|1.0#1#6#1#0.24#2	1.0	5061	1	1	5061	8	0	1
50631	240000.0	1#268	0.72#1|0.4#2#1#0.3	3.0	5063	1	2	5063	1	50632	3
50632	240000.0	1#268#3	0.86#1|0.48#2#1#0.3|0.2#1#2	3.0	5063	1	2	5063	2	50633	3
50633	200000.0	1#268#3	1.03#1|0.58#2#1#0.3|0.3#1#2	3.0	5063	1	2	5063	3	50634	3
50634	200000.0	1#268#3	1.08#1|0.6#2#1#0.3|0.3#1#2	3.0	5063	1	2	5063	4	50635	3
50635	200000.0	1#268#3	1.12#1|0.62#2#1#0.3|0.3#1#2	3.0	5063	1	2	5063	5	50636	3
50636	200000.0	1#268#3	1.16#1|0.64#2#1#0.3|0.3#1#2	3.0	5063	1	2	5063	6	50637	3
50637	200000.0	1#268#3	1.2#1|0.66#2#1#0.3|0.3#1#2	3.0	5063	1	2	5063	7	50638	3
50638	200000.0	1#268#3	1.24#1|0.68#2#1#0.3|0.3#1#2	3.0	5063	1	2	5063	8	0	3
50711	200003.0	1#261	1.21#1|0.5#3#1#0.15#2	3.0	5071	1	1	5071	1	50712	1
50712	200003.0	1#261	1.44#1|0.6#3#1#0.15#2	3.0	5071	1	1	5071	2	50713	1
50713	200003.0	1#261	1.71#1|0.72#3#1#0.15#2	3.0	5071	1	1	5071	3	50714	1
50714	200003.0	1#261	1.78#1|0.749#3#1#0.15#2	3.0	5071	1	1	5071	4	50715	1
50715	200003.0	1#261	1.85#1|0.778#3#1#0.15#2	3.0	5071	1	1	5071	5	50716	1
50716	200003.0	1#261	1.92#1|0.807#3#1#0.15#2	3.0	5071	1	1	5071	6	50717	1
50717	200003.0	1#261	1.99#1|0.836#3#1#0.15#2	3.0	5071	1	1	5071	7	50718	1
50718	200003.0	1#261	2.06#1|0.864#3#1#0.15#2	3.0	5071	1	1	5071	8	0	1
50731	400000.0	264#1	3#1#6#3#0.2|2.61#1	3.0	5073	1	2	5073	1	50732	3
50732	400000.0	264#1	3#1#6#3#0.2|3.13#1	3.0	5073	1	2	5073	2	50733	3
50733	400000.0	264#1#216	3#1#6#3#0.2|3.75#1|0	3.0	5073	1	2	5073	3	50734	3
50734	400000.0	264#1#216	3#1#6#3#0.208|3.9#1|0	3.0	5073	1	2	5073	4	50735	3
50735	400000.0	264#1#216	3#1#6#3#0.216|4.05#1|0	3.0	5073	1	2	5073	5	50736	3
50736	400000.0	264#1#216	3#1#6#3#0.224|4.2#1|0	3.0	5073	1	2	5073	6	50737	3
50737	400000.0	264#1#216	3#1#6#3#0.232|4.35#1|0	3.0	5073	1	2	5073	7	50738	3
50738	400000.0	264#1#216	3#1#6#3#0.24|4.5#1|0	3.0	5073	1	2	5073	8	0	3
50811	200000.0	1#268	0.75#2|0.4#2#1#0.3	1.0	5081	1	1	5081	1	50812	1
50812	200000.0	1#268	0.9#2|0.5#2#1#0.3	1.0	5081	1	1	5081	2	50813	1
50813	200000.0	1#268	1.08#2|0.6#2#1#0.3	1.0	5081	1	1	5081	3	0	1
50831	200000.0	1#207	1.0#2|0.15#9#1#2	3.0	5083	1	2	5083	1	50832	3
50832	200000.0	1#207	1.2#2|0.2#9#1#2	3.0	5083	1	2	5083	2	50833	3
50833	200000.0	1#207	1.44#2|0.25#9#1#2	3.0	5083	1	2	5083	3	0	3
50911	200211.0	1#258	1.2#2|0.3#2	1.0	5091	1	1	5091	1	0	1
50931	200000.0	1	1.3#2	3.0	5093	1	2	5093	1	0	3
51011	400000.0	1#254	1.46#1|0.5#1#2#3#0.2#2	1.0	5101	1	1	5101	1	0	1
51031	300000.0	211	1.0#1#23#1#0.3#2	3.0	5103	1	2	5103	1	0	3
51111	200211.0	1#261	1.68#1|0.45#3#1#0.15#2	2.0	5111	1	1	5111	1	0	1
51211	200000.0	1#268	0.75#2|0.4#2#1#0.3	3.0	5121	1	1	5121	1	0	1
51311	100000.0	24#211	1#0.98|0.2#1#23#3#0.2#2	3.0	5131	1	1	5131	1	0	1
51411	200003.0	1#271	0.9#2|0.45#2#0.2#0.1#0.2	3.0	5141	1	1	5141	1	51412	1
51412	200003.0	1#271	1.08#2|0.5#2#0.2#0.15#0.2	3.0	5141	1	1	5141	2	51413	1
51413	200003.0	1#271	1.3#2|0.55#2#0.2#0.2#0.2	3.0	5141	1	1	5141	3	51414	1
51414	200003.0	1#271	1.35#2|0.572#2#0.2#0.208#0.2	3.0	5141	1	1	5141	4	51415	1
51415	200003.0	1#271	1.4#2|0.594#2#0.2#0.216#0.2	3.0	5141	1	1	5141	5	51416	1
51416	200003.0	1#271	1.46#2|0.616#2#0.2#0.224#0.2	3.0	5141	1	1	5141	6	51417	1
51417	200003.0	1#271	1.52#2|0.638#2#0.2#0.232#0.2	3.0	5141	1	1	5141	7	51418	1
51418	200003.0	1#271	1.58#2|0.66#2#0.2#0.1#0.24	3.0	5141	1	1	5141	8	0	1
51431	200003.0	1#211	1.08#2|0.6#1#15#3#0.05#2	3.0	5143	1	2	5143	1	51432	3
51432	200003.0	1#211	1.3#2|0.8#1#15#3#0.1#2	3.0	5143	1	2	5143	2	51433	3
51433	200003.0	1#211	1.56#2|1.0#1#15#3#0.15#2	3.0	5143	1	2	5143	3	51434	3
51434	200003.0	1#211	1.63#2|1.0#1#15#3#0.156#2	3.0	5143	1	2	5143	4	51435	3
51435	200003.0	1#211	1.69#2|1.0#1#15#3#0.162#2	3.0	5143	1	2	5143	5	51436	3
51436	200003.0	1#211	1.75#2|1.0#1#15#3#0.168#2	3.0	5143	1	2	5143	6	51437	3
51437	200003.0	1#211	1.81#2|1.0#1#15#3#0.174#2	3.0	5143	1	2	5143	7	51438	3
51438	200003.0	1#211	1.89#2|1.0#1#15#3#0.18#2	3.0	5143	1	2	5143	8	0	3
51511	240000.0	289#1#201	5#1#23#3#0.03|0.8#1|0.3#3#1#0.15#2	1.0	5151	1	1	5151	1	51512	1
51512	240000.0	289#1#201	5#1#23#3#0.03|0.96#1|0.3#3#1#0.15#2	1.0	5151	1	1	5151	2	51513	1
51513	240000.0	289#1#201	5#1#23#3#0.03|1.15#1|0.3#3#1#0.15#2	1.0	5151	1	1	5151	3	51514	1
51514	240000.0	289#1#201	5#1#23#3#0.03|1.2#1|0.3#3#1#0.15#2	1.0	5151	1	1	5151	4	51515	1
51515	240000.0	289#1#201	5#1#23#3#0.03|1.25#1|0.3#3#1#0.15#2	1.0	5151	1	1	5151	5	51516	1
51516	240000.0	289#1#201	5#1#23#3#0.03|1.3#1|0.3#3#1#0.15#2	1.0	5151	1	1	5151	6	51517	1
51517	240000.0	289#1#201	5#1#23#3#0.03|1.35#1|0.3#3#1#0.15#2	1.0	5151	1	1	5151	7	51518	1
51518	240000.0	289#1#201	5#1#23#3#0.03|1.4#1|0.3#3#1#0.15#2	1.0	5151	1	1	5151	8	0	1
51531	400000.0	244	5.0#1#1#4	3.0	5153	1	2	5153	1	51532	3
51532	400000.0	244	6.0#1#1#4	3.0	5153	1	2	5153	2	51533	3
51533	400000.0	244	7.2#1#1#4	3.0	5153	1	2	5153	3	51534	3
51534	400000.0	244	7.49#1#1#4	3.0	5153	1	2	5153	4	51535	3
51535	400000.0	244	7.78#1#1#4	3.0	5153	1	2	5153	5	51536	3
51536	400000.0	244	8.06#1#1#4	3.0	5153	1	2	5153	6	51537	3
51537	400000.0	244	8.35#1#1#4	3.0	5153	1	2	5153	7	51538	3
51538	400000.0	244	8.64#1#1#4	3.0	5153	1	2	5153	8	0	3
10101	400000.0	1	1.0#2	0.0	1010	1	1	1010	1	0	0
10201	400000.0	1	1.0#1	0.0	1020	1	1	1020	1	0	0
10301	400000.0	1	1.0#2	0.0	1030	1	1	1030	1	0	0
10401	400000.0	1	1.0#2	0.0	1040	1	1	1040	1	0	0
10501	400000.0	1	1.0#2	0.0	1050	1	1	1050	1	0	0
10601	400000.0	1	1.0#1	0.0	1060	1	1	1060	1	0	0
10701	400000.0	1	1.0#1	0.0	1070	1	1	1070	1	0	0
10801	400000.0	1	1.0#2	0.0	1080	1	1	1080	1	0	0
10901	400000.0	1	1.0#2	0.0	1090	1	1	1090	1	0	0
11001	400000.0	1	1.0#2	0.0	1100	1	1	1100	1	0	0
11101	400000.0	1	1.0#2	0.0	1110	1	1	1110	1	0	0
11201	400000.0	1	1.0#2	0.0	1120	1	1	1120	1	0	0
11301	400000.0	1	1.0#2	0.0	1130	1	1	1130	1	0	0
11401	400000.0	1	1.0#2	0.0	1140	1	1	1140	1	0	0
11501	400000.0	1	1.0#1	0.0	1150	1	1	1150	1	0	0
11801	400000.0	1	1.0#1	0.0	1180	1	1	1180	1	0	0
12101	400000.0	1	1.0#1	0.0	1210	1	1	1210	1	0	0
12301	400000.0	1	1.0#2	0.0	1230	1	1	1230	1	0	0
12401	400000.0	1	1.0#2	0.0	1240	1	1	1240	1	0	0
20101	400000.0	1	1.0#1	0.0	2010	1	1	2010	1	0	0
20201	400000.0	1	1.0#1	0.0	2020	1	1	2020	1	0	0
20301	400000.0	1	1.0#2	0.0	2030	1	1	2030	1	0	0
20401	400000.0	1	1.0#1	0.0	2040	1	1	2040	1	0	0
20501	400000.0	1	1.0#2	0.0	2050	1	1	2050	1	0	0
20601	400000.0	1	1.0#1	0.0	2060	1	1	2060	1	0	0
20701	400000.0	1	1.0#1	0.0	2070	1	1	2070	1	0	0
20801	400000.0	1	1.0#2	0.0	2080	1	1	2080	1	0	0
20901	400000.0	1	1.0#1	0.0	2090	1	1	2090	1	0	0
21001	400000.0	1	1.0#2	0.0	2100	1	1	2100	1	0	0
21101	400000.0	1	1.0#1	0.0	2110	1	1	2110	1	0	0
21201	400000.0	1	1.0#1	0.0	2120	1	1	2120	1	0	0
21301	400000.0	1	1.0#2	0.0	2130	1	1	2130	1	0	0
21401	400000.0	1	1.0#1	0.0	2140	1	1	2140	1	0	0
21901	400000.0	1	1.0#1	0.0	2190	1	1	2190	1	0	0
22101	400000.0	1	1.0#2	0.0	2210	1	1	2210	1	0	0
22201	400000.0	1	1.0#1	0.0	2220	1	1	2220	1	0	0
22301	400000.0	1	1.0#2	0.0	2230	1	1	2230	1	0	0
30101	400000.0	1	1.0#1	0.0	3010	1	1	3010	1	0	0
30201	400000.0	1	1.0#1	0.0	3020	1	1	3020	1	0	0
30301	400000.0	1	1.0#2	0.0	3030	1	1	3030	1	0	0
30401	400000.0	1	1.0#2	0.0	3040	1	1	3040	1	0	0
30501	400000.0	1	1.0#2	0.0	3050	1	1	3050	1	0	0
30601	400000.0	1	1.0#1	0.0	3060	1	1	3060	1	0	0
30701	400000.0	1	1.0#2	0.0	3070	1	1	3070	1	0	0
30801	400000.0	1	1.0#1	0.0	3080	1	1	3080	1	0	0
30901	400000.0	1	1.0#1	0.0	3090	1	1	3090	1	0	0
31001	400000.0	1	1.0#2	0.0	3100	1	1	3100	1	0	0
31101	400000.0	1	1.0#2	0.0	3110	1	1	3110	1	0	0
31201	400000.0	1	1.0#1	0.0	3120	1	1	3120	1	0	0
31301	400000.0	1	1.0#1	0.0	3130	1	1	3130	1	0	0
31401	400000.0	1	1.0#2	0.0	3140	1	1	3140	1	0	0
31701	400000.0	1	1.0#1	0.0	3170	1	1	3170	1	0	0
32001	400000.0	1	1.0#1	0.0	3200	1	1	3200	1	0	0
32201	400000.0	1	1.0#2	0.0	3220	1	1	3220	1	0	0
40101	400000.0	1	1.0#2	0.0	4010	1	1	4010	1	0	0
40201	400000.0	1	1.0#2	0.0	4020	1	1	4020	1	0	0
40301	400000.0	1	1.0#2	0.0	4030	1	1	4030	1	0	0
40401	400000.0	1	1.0#1	0.0	4040	1	1	4040	1	0	0
40501	400000.0	1	1.0#1	0.0	4050	1	1	4050	1	0	0
40601	400000.0	1	1.0#2	0.0	4060	1	1	4060	1	0	0
40701	400000.0	1	1.0#2	0.0	4070	1	1	4070	1	0	0
40801	400000.0	1	1.0#1	0.0	4080	1	1	4080	1	0	0
40901	400000.0	1	1.0#2	0.0	4090	1	1	4090	1	0	0
41001	400000.0	1	1.0#1	0.0	4100	1	1	4100	1	0	0
41101	400000.0	1	1.0#2	0.0	4110	1	1	4110	1	0	0
41201	400000.0	1	1.0#2	0.0	4120	1	1	4120	1	0	0
41301	400000.0	1	1.0#2	0.0	4130	1	1	4130	1	0	0
41401	400000.0	1	1.0#1	0.0	4140	1	1	4140	1	0	0
41501	400000.0	1	1.0#1	0.0	4150	1	1	4150	1	0	0
50101	400000.0	1	1.0#1	0.0	5010	1	1	5010	1	0	0
50201	400000.0	1	1.0#2	0.0	5020	1	1	5020	1	0	0
50301	400000.0	1	1.0#1	0.0	5030	1	1	5030	1	0	0
50401	400000.0	1	1.0#2	0.0	5040	1	1	5040	1	0	0
50501	400000.0	1	1.0#1	0.0	5050	1	1	5050	1	0	0
50601	400000.0	1	1.0#1	0.0	5060	1	1	5060	1	0	0
50701	400000.0	1	1.0#1	0.0	5070	1	1	5070	1	0	0
50801	400000.0	1	1.0#2	0.0	5080	1	1	5080	1	0	0
50901	400000.0	1	1.0#2	0.0	5090	1	1	5090	1	0	0
51001	400000.0	1	1.0#1	0.0	5100	1	1	5100	1	0	0
51101	400000.0	1	1.0#1	0.0	5110	1	1	5110	1	0	0
51201	400000.0	1	1.0#2	0.0	5120	1	1	5120	1	0	0
51301	400000.0	1	1.0#2	0.0	5130	1	1	5130	1	0	0
51401	400000.0	1	1.0#2	0.0	5140	1	1	5140	1	0	0
51501	400000.0	1	1.0#1	0.0	5150	1	1	5150	1	0	0
80001	200002.0	272#273	1656|0.3#3#58#2	2.0	800	1	3	800	1	80002	1
80002	200002.0	272#273	2232|0.32#3#153#2	2.0	800	1	3	800	2	80003	1
80003	200002.0	272#273	3444|0.34#3#353#2	2.0	800	1	3	800	3	80004	1
80004	200002.0	272#273	4992|0.36#3#608#2	2.0	800	1	3	800	4	80005	1
80005	200003.0	272#273	7080|0.38#3#950#2	2.0	800	1	3	800	5	80006	1
80006	200003.0	272#273	10908|0.40#3#1581#2	2.0	800	1	3	800	6	80007	1
80007	200003.0	272#273	16716|0.42#3#2537#2	2.0	800	1	3	800	7	80008	1
80008	200003.0	272#273	24408|0.44#3#3802#2	2.0	800	1	3	800	8	80009	1
80009	200003.0	272#273	34908|0.46#3#5530#2	2.0	800	1	3	800	9	80010	1
80010	200004|100002	272#273|276	47328|0.48#3#58#2|3#1#6#3#0.1#2	2.0	800	1	3	800	10	80011	1
80011	200004|100002	272#273|276	62964|0.50#3#10146#2|3#1#6#3#0.15#2	2.0	800	1	3	800	11	80012	1
80012	200004|100002	272#273|276	82896|0.52#3#13427#2|3#1#6#3#0.2#2	2.0	800	1	3	800	12	0	1
80101	200002.0	272#211	1656|0.3#1#22#3#0.1#2	2.0	801	1	3	801	1	80102	1
80102	200002.0	272#211	2232|0.3#1#22#3#0.12#2	2.0	801	1	3	801	2	80103	1
80103	200002.0	272#211	3444|0.3#1#22#3#0.14#2	2.0	801	1	3	801	3	80104	1
80104	200002.0	272#211	4992|0.3#1#22#3#0.16#2	2.0	801	1	3	801	4	80105	1
80105	200003.0	272#211	7080|0.3#1#22#3#0.18#2	2.0	801	1	3	801	5	80106	1
80106	200003.0	272#211	10908|0.3#1#22#3#0.2#2	2.0	801	1	3	801	6	80107	1
80107	200003.0	272#211	16716|0.3#1#22#3#0.22#2	2.0	801	1	3	801	7	80108	1
80108	200003.0	272#211	24408|0.3#1#22#3#0.24#2	2.0	801	1	3	801	8	80109	1
80109	200003.0	272#211	34908|0.3#1#22#3#0.26#2	2.0	801	1	3	801	9	80110	1
80110	200004|100002	272#211|274	47328|0.3#1#22#3#0.28#2|1#12#0.1#2	2.0	801	1	3	801	10	80111	1
80111	200004|100002	272#211|274	62964|0.3#1#22#3#0.3#2|1#12#0.15#2	2.0	801	1	3	801	11	80112	1
80112	200004|100002	272#211|274	82896|0.3#1#22#3#0.32#2|1#12#0.2#2	2.0	801	1	3	801	12	0	1
80301	200002.0	272#211	1656|0.3#1#7#3#0.05#2	2.0	803	1	3	803	1	80302	1
80302	200002.0	272#211	2232|0.32#1#7#3#0.06#2	2.0	803	1	3	803	2	80303	1
80303	200002.0	272#211	3444|0.34#1#7#3#0.07#2	2.0	803	1	3	803	3	80304	1
80304	200002.0	272#211	4992|0.36#1#7#3#0.08#2	2.0	803	1	3	803	4	80305	1
80305	200003.0	272#211	7080|0.38#1#7#3#0.09#2	2.0	803	1	3	803	5	80306	1
80306	200003.0	272#211	10908|0.4#1#7#3#0.1#2	2.0	803	1	3	803	6	80307	1
80307	200003.0	272#211	16716|0.42#1#7#3#0.11#2	2.0	803	1	3	803	7	80308	1
80308	200003.0	272#211	24408|0.44#1#7#3#0.12#2	2.0	803	1	3	803	8	80309	1
80309	200003.0	272#211	34908|0.46#1#7#3#0.13#2	2.0	803	1	3	803	9	80310	1
80310	200004|200002	272#211|4	47328|0.48#1#7#3#0.14#2|6#0.1#2#3	2.0	803	1	3	803	10	80311	1
80311	200004|200002	272#211|4	62964|0.5#1#7#3#0.15#2|6#0.15#2#3	2.0	803	1	3	803	11	80312	1
80312	200004|200002	272#211|4	82896|0.52#1#7#3#0.16#2|6#0.2#2#3	2.0	803	1	3	803	12	0	1
80201	200002|100002	272|279	1656|1#12#0.05	2.0	802	1	3	802	1	80202	1
80202	200002|100002	272|279	2232|1#12#0.055	2.0	802	1	3	802	2	80203	1
80203	200002|100002	272|279	3444|1#12#0.06	2.0	802	1	3	802	3	80204	1
80204	200002|100002	272|279	4992|1#12#0.065	2.0	802	1	3	802	4	80205	1
80205	200003|100002	272|279	7080|1#12#0.07	2.0	802	1	3	802	5	80206	1
80206	200003|100002	272|279	10908|1#12#0.075	2.0	802	1	3	802	6	80207	1
80207	200003|100002	272|279	16716|1#12#0.08	2.0	802	1	3	802	7	80208	1
80208	200003|100002	272|279	24408|1#12#0.085	2.0	802	1	3	802	8	80209	1
80209	200003|100002	272|279	34908|1#12#0.09	2.0	802	1	3	802	9	80210	1
80210	200004|100002	272|279#4	47328|1#12#0.095|23#0.1#1#1	2.0	802	1	3	802	10	80211	1
80211	200004|100002	272|279#4	62964|1#12#0.1|23#0.15#1#1	2.0	802	1	3	802	11	80212	1
80212	200004|100002	272|279#4	82896|1#12#0.12|23#0.2#1#1	2.0	802	1	3	802	12	0	1
80401	200002.0	272#275	1656|0.1#1#2	2.0	804	1	3	804	1	80402	1
80402	200002.0	272#275	2232|0.12#1#2	2.0	804	1	3	804	2	80403	1
80403	200002.0	272#275	3444|0.14#1#2	2.0	804	1	3	804	3	80404	1
80404	200002.0	272#275	4992|0.16#1#2	2.0	804	1	3	804	4	80405	1
80405	200003.0	272#275	7080|0.18#1#2	2.0	804	1	3	804	5	80406	1
80406	200003.0	272#275	10908|0.2#1#2	2.0	804	1	3	804	6	80407	1
80407	200003.0	272#275	16716|0.22#1#2	2.0	804	1	3	804	7	80408	1
80408	200003.0	272#275	24408|0.24#1#2	2.0	804	1	3	804	8	80409	1
80409	200003.0	272#275	34908|0.26#1#2	2.0	804	1	3	804	9	80410	1
80410	200004|100002	272#275|4	47328|0.28#1#2|22#0.1#2#1	2.0	804	1	3	804	10	80411	1
80411	200004|100002	272#275|4	62964|0.3#1#2|22#0.15#2#1	2.0	804	1	3	804	11	80412	1
80412	200004|100002	272#275|4	82896|0.32#1#2|22#0.2#2#1	2.0	804	1	3	804	12	0	1
700001	100213.0	4	23#0.1#2#1	3.0	600	1	1	7000	1	700002	1
700002	100213.0	4	23#0.12#2#1	3.0	600	1	1	7000	2	700003	1
700003	100213.0	4	23#0.13#2#1	3.0	600	1	1	7000	3	700004	1
700004	100213.0	4	23#0.16#2#1	3.0	600	1	1	7000	4	700005	1
700005	100213.0	4	23#0.18#2#1	3.0	600	1	1	7000	5	700006	1
700006	100213.0	4	23#0.2#2#1	3.0	600	1	1	7000	6	700007	1
700007	100213.0	4	23#0.22#2#1	3.0	600	1	1	7000	7	700008	1
700008	100213.0	4	23#0.24#2#1	3.0	600	1	1	7000	8	700009	1
700009	100213.0	4	23#0.26#2#1	3.0	600	1	1	7000	9	700010	1
700010	100213.0	4	23#0.28#2#1	3.0	600	1	1	7000	10	700011	1
700011	100213.0	4	23#0.3#2#1	3.0	600	1	1	7000	11	700012	1
700012	100213.0	4	23#0.32#2#1	3.0	600	1	1	7000	12	0	1
700101	100000.0	4	22#0.08#2#1	3.0	601	1	1	7001	1	700102	1
700102	100000.0	4	22#0.092#2#1	3.0	601	1	1	7001	2	700103	1
700103	100000.0	4	22#0.104#2#1	3.0	601	1	1	7001	3	700104	1
700104	100000.0	4	22#0.116#2#1	3.0	601	1	1	7001	4	700105	1
700105	100000.0	4	22#0.128#2#1	3.0	601	1	1	7001	5	700106	1
700106	100000.0	4	22#0.14#2#1	3.0	601	1	1	7001	6	700107	1
700107	100000.0	4	22#0.152#2#1	3.0	601	1	1	7001	7	700108	1
700108	100000.0	4	22#0.164#2#1	3.0	601	1	1	7001	8	700109	1
700109	100000.0	4	22#0.176#2#1	3.0	601	1	1	7001	9	700110	1
700110	100000.0	4	22#0.188#2#1	3.0	601	1	1	7001	10	700111	1
700111	100000.0	4	22#0.2#2#1	3.0	601	1	1	7001	11	700112	1
700112	100000.0	4	22#0.212#2#1	3.0	601	1	1	7001	12	0	1
710001	200001.0	1	1#1	0.0	7100	1	1	7100	1	0	0
710103	210001.0	1	8#1	1.0	7101	1	1	7101	3	0	1
710303	200000.0	1#4	3#1|22#0.2#2#3	3.0	7102	1	2	7102	3	0	3
910111	200211.0	1#211#261	2.6#2|1#1#22#3#0.05#1|0.05#2#1#1#1	3.0	701	1	1	91011	1	910112	0
910112	200211.0	1#211#261	3.12#2|1#1#22#3#0.1#1|0.05#2#1#1#1	3.0	701	1	1	91011	2	910113	0
910113	200211.0	1#211#261	3.74#2|1#1#22#3#0.15#1|0.05#2#1#1#1	3.0	701	1	1	91011	3	910114	0
910114	200211.0	1#211#261	4.49#2|1#1#22#3#0.2#1|0.05#2#1#1#1	3.0	701	1	1	91011	4	910115	0
910115	200211.0	1#211#261	5.29#2|1#1#22#3#0.25#1|0.05#2#1#1#1	3.0	701	1	1	91011	5	0	0
910211	100211.0	293	12#0.48#12#0.06#0.3#0.2	3.0	702	1	1	91021	1	910212	0
910212	100211.0	293	12#0.58#12#0.07#0.3#0.2	3.0	702	1	1	91021	2	910213	0
910213	100211.0	293	12#0.69#12#0.08#0.3#0.2	3.0	702	1	1	91021	3	910214	0
910214	100211.0	293	12#0.83#12#0.09#0.3#0.2	3.0	702	1	1	91021	4	910215	0
910215	100211.0	293	12#1#12#0.1#0.3#0.2	3.0	702	1	1	91021	5	0	0
910311	100321.0	211	1#1#9#1#0.05#2	3.0	703	1	1	91031	1	910312	0
910312	100321.0	211	1#1#9#1#0.07#2	3.0	703	1	1	91031	2	910313	0
910313	100321.0	211	1#1#9#1#0.01#2	3.0	703	1	1	91031	3	910314	0
910314	100321.0	211	1#1#9#1#0.11#2	3.0	703	1	1	91031	4	910315	0
910315	100321.0	211	1#1#9#1#0.13#2	3.0	703	1	1	91031	5	0	0
910411	200003.0	1#254	1.62#1|0.1#1#2#3#0.1#2	3.0	704	1	1	91041	1	910412	0
910412	200003.0	1#254	1.94#1|0.1#1#2#3#0.13#2	3.0	704	1	1	91041	2	910413	0
910413	200003.0	1#254	2.33#1|0.1#1#2#3#0.16#2	3.0	704	1	1	91041	3	910414	0
910414	200003.0	1#254	2.8#1|0.1#1#2#3#0.19#2	3.0	704	1	1	91041	4	910415	0
910415	200003.0	1#254	3.36#1|0.1#1#2#3#0.22#2	3.0	704	1	1	91041	5	0	0
910511	200211.0	1#3	3.08#1|0.05#1#1	3.0	705	1	1	91051	1	910512	0
910512	200211.0	1#3	3.7#1|0.08#1#1	3.0	705	1	1	91051	2	910513	0
910513	200211.0	1#3	4.44#1|0.11#1#1	3.0	705	1	1	91051	3	910514	0
910514	200211.0	1#3	5.32#1|0.14#1#1	3.0	705	1	1	91051	4	910515	0
910515	200211.0	1#3	6.39#1|0.17#1#1	3.0	705	1	1	91051	5	0	0
910611	100213.0	293#212	12#0.29#12#0.04#0.3#0.5|1#1#15#1#0.05#6#1#0.05#2	3.0	706	1	1	91061	1	910612	0
910612	100213.0	293#212	12#0.35#12#0.045#0.3#0.5|1#1#15#1#0.07#6#1#0.07#2	3.0	706	1	1	91061	2	910613	0
910613	100213.0	293#212	12#0.42#12#0.05#0.3#0.5|1#1#15#1#0.09#6#1#0.09#2	3.0	706	1	1	91061	3	910614	0
910614	100213.0	293#212	12#0.5#12#0.055#0.3#0.5|1#1#15#1#0.11#6#1#0.11#2	3.0	706	1	1	91061	4	910615	0
910615	100213.0	293#212	12#0.6#12#0.06#0.3#0.5|1#1#15#1#0.13#6#1#0.13#2	3.0	706	1	1	91061	5	0	0
910711	200003.0	1#230#254	1.73#2|1#0.25#8#1|0.1#1#1#4#0.1#2	3.0	707	1	1	91071	1	910712	0
910712	200003.0	1#230#254	2.08#2|1#0.25#8#1|0.15#1#1#4#0.1#2	3.0	707	1	1	91071	2	910713	0
910713	200003.0	1#230#254	2.49#2|1#0.25#8#1|0.2#1#1#4#0.1#2	3.0	707	1	1	91071	3	910714	0
910714	200003.0	1#230#254	2.99#2|1#0.25#8#1|0.25#1#1#4#0.1#2	3.0	707	1	1	91071	4	910715	0
910715	200003.0	1#230#254	3.59#2|1#0.25#8#1|0.3#1#1#4#0.1#2	3.0	707	1	1	91071	5	0	0
910811	200003.0	291#1#261	4#5#1#6#3#0.2|1.9#2|0.3#5#12#0.07#2	3.0	708	1	1	91081	1	910812	0
910812	200003.0	291#1#261	4#5#1#6#3#0.2|2.28#2|0.4#5#12#0.07#2	3.0	708	1	1	91081	2	910813	0
910813	200003.0	291#1#261	4#5#1#6#3#0.2|2.74#2|0.5#5#12#0.07#2	3.0	708	1	1	91081	3	910814	0
910814	200003.0	291#1#261	4#5#1#6#3#0.2|3.28#2|0.6#5#12#0.07#2	3.0	708	1	1	91081	4	910815	0
910815	200003.0	291#1#261	4#5#1#6#3#0.2|3.94#2|0.7#5#12#0.07#2	3.0	708	1	1	91081	5	0	0
910911	200211.0	281	4.29#1#1.0	3.0	709	1	1	91091	1	910912	0
910912	200211.0	281	5.15#1#1.0	3.0	709	1	1	91091	2	910913	0
910913	200211.0	281	6.18#1#1.0	3.0	709	1	1	91091	3	910914	0
910914	200211.0	281	7.41#1#1.0	3.0	709	1	1	91091	4	910915	0
910915	200211.0	281	8.9#1#1.0	3.0	709	1	1	91091	5	0	0
911011	200322|100322	211#268|212#292	1#1#9#3#0.05#2|1#2#1#0.3|1#1#1#2#0.05#5#1#0.05#2|1#1#1#1#1#0.05#2	3.0	710	1	1	91101	1	911012	0
911012	200322|100322	211#268|212#292	1#1#9#3#0.07#2|1#2#1#0.3|1#1#1#2#0.05#5#1#0.06#2|1#1#1#1#1#0.06#2	3.0	710	1	1	91101	2	911013	0
911013	200322|100322	211#268|212#292	1#1#9#3#0.09#2|1#2#1#0.3|1#1#1#2#0.05#5#1#0.07#2|1#1#1#1#1#0.07#2	3.0	710	1	1	91101	3	911014	0
911014	200322|100322	211#268|212#292	1#1#9#3#0.11#2|1#2#1#0.3|1#1#1#2#0.05#5#1#0.08#2|1#1#1#1#1#0.08#2	3.0	710	1	1	91101	4	911015	0
911015	200322|100322	211#268|212#292	1#1#9#3#0.13#2|1#2#1#0.3|1#1#1#2#0.05#5#1#0.1#2|1#1#1#1#1#0.10#2	3.0	710	1	1	91101	5	911016	0
911016	200322|100322	211#268|212#292	1#1#9#3#0.14#2|1#2#1#0.3|1#1#1#2#0.05#5#1#0.11#2|1#1#1#1#1#0.11#2	3.0	710	1	1	91101	6	0	0
911111	200000|100000	1|292	2.06#1|1#1#4#1#4#0.1#2	3.0	711	1	1	91111	1	911112	0
911112	200000|100000	1|292	2.47#1|1#1#4#1#4#0.14#2	3.0	711	1	1	91111	2	911113	0
911113	200000|100000	1|292	2.97#1|1#1#4#1#4#0.18#2	3.0	711	1	1	91111	3	911114	0
911114	200000|100000	1|292	3.56#1|1#1#4#1#4#0.22#2	3.0	711	1	1	91111	4	911115	0
911115	200000|100000	1|292	4.27#1|1#1#4#1#4#0.26#2	3.0	711	1	1	91111	5	911116	0
911116	200000|100000	1|292	4.49#1|1#1#4#1#4#0.28#2	3.0	711	1	1	91111	6	0	0
911211	200000.0	282#3	2.9#8.7#2|0.2#1#1	3.0	712	1	1	91121	1	911212	0
911212	200000.0	282#3	3.47#10.4#2|0.25#1#1	3.0	712	1	1	91121	2	911213	0
911213	200000.0	282#3	6.25#12.5#2|0.3#1#1	3.0	712	1	1	91121	3	911214	0
911214	200000.0	282#3	7.5#15.0#2|0.35#1#1	3.0	712	1	1	91121	4	911215	0
911215	200000.0	282#3	9.03#18.05#2|0.4#1#1	3.0	712	1	1	91121	5	911216	0
911216	200000.0	282#3	9.48#18.95#2|0.4#1#1	3.0	712	1	1	91121	6	0	0
911311	200000.0	283	2.06#1#0.05#1#1	3.0	713	1	1	91131	1	911312	0
911312	200000.0	283	2.47#1#0.05#1#1	3.0	713	1	1	91131	2	911313	0
911313	200000.0	283	2.97#1#0.05#1#1	3.0	713	1	1	91131	3	911314	0
911314	200000.0	283	3.56#1#0.05#1#1	3.0	713	1	1	91131	4	911315	0
911315	200000.0	283	4.27#1#0.05#1#1	3.0	713	1	1	91131	5	911316	0
911316	200000.0	283	4.49#1#0.05#1#1	3.0	713	1	1	91131	6	0	0
911411	100000.0	294	0.3#12#0.1#1#12#0.26#12#0.03	3.0	714	1	1	91141	1	911412	0
911412	100000.0	294	0.3#12#0.1#1#12#0.32#12#0.035	3.0	714	1	1	91141	2	911413	0
911413	100000.0	294	0.3#12#0.1#1#12#0.38#12#0.04	3.0	714	1	1	91141	3	911414	0
911414	100000.0	294	0.3#12#0.1#1#12#0.44#12#0.045	3.0	714	1	1	91141	4	911415	0
911415	100000.0	294	0.3#12#0.1#1#12#0.50#12#0.05	3.0	714	1	1	91141	5	911416	0
911416	100000.0	294	0.3#12#0.1#1#12#0.53#12#0.053	3.0	714	1	1	91141	6	0	0
911511	210001.0	284	7.23#2#2.07#2	3.0	715	1	1	91151	1	911512	0
911512	210001.0	284	8.68#2#2.48#2	3.0	715	1	1	91151	2	911513	0
911513	210001.0	284	10.41#2#2.97#2	3.0	715	1	1	91151	3	911514	0
911514	210001.0	284	12.49#2#3.57#2	3.0	715	1	1	91151	4	911515	0
911515	210001.0	284	14.99#2#4.28#2	3.0	715	1	1	91151	5	911516	0
911516	210001.0	284	15.74#2#4.5#2	3.0	715	1	1	91151	6	0	0
911611	200000|100000	292|292	1#1#4#3#4#0.1#2|1#1#4#1#4#0.1#2	3.0	716	1	1	91161	1	911612	0
911612	200000|100000	292|292	1#1#4#3#4#0.15#2|1#1#4#1#4#0.15#2	3.0	716	1	1	91161	2	911613	0
911613	200000|100000	292|292	1#1#4#3#4#0.2#2|1#1#4#1#4#0.2#2	3.0	716	1	1	91161	3	911614	0
911614	200000|100000	292|292	1#1#4#3#4#0.25#2|1#1#4#1#4#0.25#2	3.0	716	1	1	91161	4	911615	0
911615	200000|100000	292|292	1#1#4#3#4#0.3#2|1#1#4#1#4#0.3#2	3.0	716	1	1	91161	5	911616	0
911616	200000|100000	292|292	1#1#4#3#4#0.315#2|1#1#4#1#4#0.315#2	3.0	716	1	1	91161	6	0	0
8000831	200003.0	1#242	1.0#2|4#5#0.1#9#1	1.0	2083	1	1	2083	1	20832	3
8000131	400000.0	285	3.18#1#3#0.33#2#2	1.0	3013	1	1	3013	1	30132	3
8010131	200000.0	1#254	1.1#2|1.0#1#1#4#0.15#2	1.0	1013	1	1	1013	1	10132	3
8040711	200000.0	1#254	0.89#2|0.3#1#5#4#0.1#3	2.0	4071	1	2	4071	1	40712	1
8040731	200000.0	1#230	1.05#2|5#0.3#1#2	2.0	4073	1	1	4073	1	40732	3
8051512	240000.0	223#1#201	5#22#1#0.03|0.96#1|0.3#3#1#0.15#2	1.0	5151	1	2	5151	2	51513	1
8051532	400000.0	244	6.0#1#1#4	3.0	5153	1	1	5153	2	51533	3
8051411	200003.0	1#271	0.9#2|0.45#2#0.2#0.1#0.2	3.0	5141	1	2	5141	1	51412	1
8051431	200003.0	1#211	1.08#2|0.6#1#15#3#0.05#2	3.0	5143	1	1	5143	1	51432	3
8011531	100321|300000	220|211	0.4#2#3|1.0#1#23#2#0.3#2	3.0	1153	1	2	1153	1	0	3
700201	200003.0	4	6#0.1#2#3	3.0	602	1	1	7002	1	700202	1
700202	200003.0	4	6#0.12#2#3	3.0	602	1	1	7002	2	700203	1
700203	200003.0	4	6#0.14#2#3	3.0	602	1	1	7002	3	700204	1
700204	200003.0	4	6#0.14#2#3	3.0	602	1	1	7002	4	700205	1
700205	200003.0	4	6#0.18#2#3	3.0	602	1	1	7002	5	700206	1
700206	200003.0	4	6#0.2#2#3	3.0	602	1	1	7002	6	700207	1
700207	200003.0	4	6#0.22#2#3	3.0	602	1	1	7002	7	700208	1
700208	200003.0	4	6#0.24#2#3	3.0	602	1	1	7002	8	700209	1
700209	200003.0	4	6#0.26#2#3	3.0	602	1	1	7002	9	700210	1
700210	200003.0	4	6#0.28#2#3	3.0	602	1	1	7002	10	700211	1
700211	200003.0	4	6#0.3#2#3	3.0	602	1	1	7002	11	700212	1
700301	100323.0	4	9#0.1#2#1	3.0	603	1	1	7003	1	700302	1
700302	100323.0	4	9#0.11#2#1	3.0	603	1	1	7003	2	700303	1
700303	100323.0	4	9#0.12#2#1	3.0	603	1	1	7003	3	700304	1
700304	100323.0	4	9#0.13#2#1	3.0	603	1	1	7003	4	700305	1
700305	100323.0	4	9#0.14#2#1	3.0	603	1	1	7003	5	700306	1
700306	100323.0	4	9#0.15#2#1	3.0	603	1	1	7003	6	700307	1
700307	100323.0	4	9#0.16#2#1	3.0	603	1	1	7003	7	700308	1
700308	100323.0	4	9#0.17#2#1	3.0	603	1	1	7003	8	700309	1
700309	100323.0	4	9#0.18#2#1	3.0	603	1	1	7003	9	700310	1
700310	100323.0	4	9#0.19#2#1	3.0	603	1	1	7003	10	700311	1
700311	100323.0	4	9#0.20#2#1	3.0	603	1	1	7003	11	700312	1
