Id	RobotName	RobotLevel	RobotScore	Formation	RoleId	RoleLv	DifferDemonsId	DifferDemonsLv	PoolId
int	string	int	int	int	mut,int#int,1	int	mut,int#int,1	int	int
1	5010001	9	960	1	10087#10088#10031#10069#10047	20	null	0	1
2	5010001	9	985	2	10071#10029#10014#10067#10030	18	null	0	1
3	5010001	8	963	3	10029#10011#10067#10014#10030	22	null	0	1
4	5010001	8	985	4	10013#10088#10014#10030#10031	18	null	0	1
5	5010001	10	978	5	10051#10013#10089#10067#10030	21	null	0	1
6	5010001	10	972	6	10051#10013#10049#10067#10029	21	null	0	1
7	5010001	10	961	1	10013#10030#10011#10031#10069	19	null	0	1
8	5010001	9	954	2	10051#10033#10031#10014#10047	22	null	0	1
9	5010001	8	958	3	10030#10087#10013#10031#10047	19	null	0	1
10	5010001	9	976	4	10013#10033#10029#10031#10047	20	null	0	1
11	5010001	10	984	5	10071#10049#10067#10030#10090	22	null	0	1
12	5010001	9	978	6	10087#10013#10031#10014#10030	22	null	0	1
13	5010001	8	985	1	10052#10013#10014#10031#10069	18	null	0	1
14	5010001	10	966	2	10051#10030#10049#10029#10067	21	null	0	1
15	5010001	10	995	5	10030#10033#10047#10014#10067	21	null	0	1
16	5010001	13	1010	1	10081#10026#10008#10069#10047	39	null	0	2
17	5010001	15	1001	2	10036#10044#10057#10027#10001	36	null	0	2
18	5010001	15	1016	3	10065#10089#10011#10074#10073	32	null	0	2
19	5010001	14	1034	4	10062#10038#10002#10046#10067	36	null	0	2
20	5010001	13	1031	5	10038#10062#10036#10020#10069	34	null	0	2
21	5010001	15	1016	6	10043#10038#10085#10057#10060	35	null	0	2
22	5010001	12	1054	1	10062#10030#10045#10057#10041	33	null	0	2
23	5010001	15	1038	2	10007#10038#10074#10014#10025	31	null	0	2
24	5010001	13	1012	3	10026#10087#10062#10082#10069	40	null	0	2
25	5010001	14	1056	4	10062#10007#10041#10031#10021	30	null	0	2
26	5010001	14	1059	5	10011#10049#10020#10047#10046	38	null	0	2
27	5010001	15	1047	6	10007#10026#10008#10014#10046	38	null	0	2
28	5010001	12	1004	1	10062#10007#10020#10060#10041	32	null	0	2
29	5010001	12	1007	2	10038#10043#10008#10067#10021	36	null	0	2
30	5010001	14	1042	3	10007#10026#10081#10074#10025	33	null	0	2
31	5010001	12	1008	4	10038#10013#10060#10082#10073	39	null	0	2
32	5010001	13	1038	5	10026#10030#10073#10006#10081	36	null	0	2
33	5010001	14	1022	6	10081#10043#10049#10014#10004	30	null	0	2
34	5010001	12	1056	1	10030#10026#10002#10069#10075	35	null	0	2
35	5010001	12	1056	2	10013#10043#10081#10027#10021	38	null	0	2
36	5010001	15	1057	3	10038#10026#10087#10020#10060	34	null	0	2
37	5010001	13	1032	4	10038#10013#10041#10074#10075	34	null	0	2
38	5010001	15	1006	5	10062#10038#10060#10081#10008	38	null	0	2
39	5010001	14	1012	6	10087#10062#10045#10031#10001	35	null	0	2
40	5010001	14	1016	1	10013#10026#10057#10074#10047	38	null	0	2
41	5010001	13	1059	2	10081#10038#10025#10046#10044	36	null	0	2
42	5010001	13	1041	3	10038#10088#10026#10006#10047	31	null	0	2
43	5010001	12	1043	4	10007#10062#10073#10057#10029	31	null	0	2
44	5010001	14	1008	5	10006#10029#10057#10041#10025	38	null	0	2
45	5010001	14	1031	6	10087#10026#10023#10006#10041	39	null	0	2
46	5010001	22	1119	1	10081#10062#10014#10001#10004	49	null	0	3
47	5010001	20	1074	2	10037#10011#10081#10020#10004	55	null	0	3
48	5010001	21	1064	3	10006#10038#10029#10020#10059	48	null	0	3
49	5010001	25	1086	4	10088#10013#10082#10059#10027	57	null	0	3
50	5010001	23	1087	5	10013#10030#10023#10044#10047	49	null	0	3
51	5010001	23	1120	6	10062#10038#10045#10067#10059	55	null	0	3
52	5010001	24	1094	1	10081#10007#10067#10044#10060	52	null	0	3
53	5010001	25	1118	2	10062#10007#10027#10082#10046	52	null	0	3
54	5010001	25	1111	3	10013#10043#10062#10020#10069	54	null	0	3
55	5010001	21	1075	4	10062#10038#10047#10057#10069	50	null	0	3
56	5010001	21	1061	5	10038#10037#10008#10075#10004	57	null	0	3
57	5010001	25	1062	6	10038#10026#10081#10045#10060	46	null	0	3
58	5010001	24	1080	1	10026#10043#10008#10069#10059	49	null	0	3
59	5010001	21	1095	2	10036#10009#10002#10067#10075	59	null	0	3
60	5010001	25	1090	3	10089#10036#10045#10081#10001	47	null	0	3
61	5010001	20	1063	4	10026#10062#10069#10020#10001	58	null	0	3
62	5010001	25	1102	5	10014#10085#10057#10004#10059	45	null	0	3
63	5010001	20	1068	6	10088#10081#10038#10057#10046	46	null	0	3
64	5010001	25	1063	1	10081#10038#10020#10059#10021	47	null	0	3
65	5010001	21	1120	2	10026#10038#10009#10006#10002	50	null	0	3
66	5010001	22	1084	3	10037#10049#10006#10020#10069	57	null	0	3
67	5010001	23	1109	4	10062#10043#10067#10060#10044	45	null	0	3
68	5010001	23	1084	5	10051#10081#10022#10031#10075	58	null	0	3
69	5010001	23	1061	6	10043#10013#10023#10060#10057	48	null	0	3
70	5010001	21	1114	1	10088#10007#10014#10059#10073	56	null	0	3
71	5010001	21	1066	2	10026#10087#10011#10044#10082	58	null	0	3
72	5010001	20	1120	3	10062#10007#10013#10044#10075	50	null	0	3
73	5010001	24	1116	4	10081#10043#10002#10073#10006	49	null	0	3
74	5010001	24	1084	5	10006#10038#10057#10069#10001	56	null	0	3
75	5010001	24	1098	6	10026#10038#10029#10057#10059	60	null	0	3
76	5010001	33	1125	1	10051#10062#10008#10030#10059	69	null	0	4
77	5010001	33	1164	2	10037#10045#10057#10027#10004	71	null	0	4
78	5010001	34	1144	3	10036#10065#10006#10027#10029	77	null	0	4
79	5010001	35	1123	4	10007#10013#10006#10041#10031	65	null	0	4
80	5010001	35	1153	5	10007#10038#10065#10031#10025	75	null	0	4
81	5010001	34	1133	6	10081#10038#10085#10006#10060	77	null	0	4
82	5010001	32	1134	1	10062#10013#10037#10020#10021	70	null	0	4
83	5010001	34	1179	2	10051#10026#10082#10027#10060	78	null	0	4
84	5010001	30	1176	3	10062#10038#10081#10006#10025	75	null	0	4
85	5010001	32	1124	4	10062#10043#10001#10014#10021	75	null	0	4
86	5010001	32	1137	5	10006#10009#10057#10046#10041	77	null	0	4
87	5010001	33	1130	6	10081#10026#10074#10022#10060	69	null	0	4
88	5010001	31	1163	1	10062#10081#10082#10008#10060	65	null	0	4
89	5010001	30	1150	2	10023#10022#10057#10074#10060	71	null	0	4
90	5010001	35	1123	3	10044#10045#10037#10008#10060	70	null	0	4
91	5010001	35	1162	4	10038#10007#10060#10074#10021	76	null	0	4
92	5010001	34	1163	5	10011#10036#10074#10060#10059	70	null	0	4
93	5010001	33	1159	6	10013#10062#10041#10074#10060	76	null	0	4
94	5010001	30	1143	1	10081#10062#10002#10044#10073	77	null	0	4
95	5010001	35	1126	2	10062#10026#10073#10041#10020	68	null	0	4
96	5010001	33	1142	3	10085#10044#10049#10002#10030	67	null	0	4
97	5010001	32	1180	4	10087#10013#10082#10060#10008	71	null	0	4
98	5010001	33	1139	5	10038#10081#10023#10027#10030	65	null	0	4
99	5010001	35	1127	6	10081#10043#10044#10009#10075	79	null	0	4
100	5010001	32	1134	1	10062#10081#10038#10008#10060	71	null	0	4
101	5010001	33	1180	2	10026#10007#10002#10067#10025	71	null	0	4
102	5010001	31	1166	3	10045#10036#10049#10057#10025	68	null	0	4
103	5010001	35	1167	4	10038#10026#10027#10060#10014	76	null	0	4
104	5010001	35	1142	5	10051#10081#10045#10074#10004	73	null	0	4
105	5010001	35	1158	6	10062#10038#10067#10057#10060	68	null	0	4
106	5010001	45	1233	1	10007#10038#10008#10004#10025	98	null	0	5
107	5010001	42	1188	2	10022#10065#10081#10008#10073	89	null	0	5
108	5010001	45	1181	3	10009#10037#10044#10008#10046	85	null	0	5
109	5010001	43	1230	4	10007#10026#10074#10059#10014	99	null	0	5
110	5010001	42	1246	5	10087#10062#10085#10082#10021	93	null	0	5
111	5010001	44	1238	6	10038#10013#10036#10008#10059	86	null	0	5
112	5010001	42	1250	1	10062#10038#10006#10014#10001	90	null	0	5
113	5010001	41	1211	2	10062#10013#10044#10057#10041	87	null	0	5
114	5010001	42	1221	3	10026#10007#10038#10027#10046	87	null	0	5
115	5010001	44	1193	4	10081#10007#10059#10082#10021	98	null	0	5
116	5010001	44	1206	5	10089#10049#10082#10001#10046	92	null	0	5
117	5010001	44	1217	6	10026#10081#10002#10049#10025	91	null	0	5
118	5010001	43	1230	1	10007#10043#10065#10027#10047	90	null	0	5
119	5010001	41	1206	2	10043#10081#10059#10030#10020	89	null	0	5
120	5010001	42	1186	3	10006#10014#10085#10008#10030	92	null	0	5
121	5010001	43	1245	4	10007#10081#10060#10031#10073	87	null	0	5
122	5010001	41	1242	5	10026#10043#10044#10067#10073	95	null	0	5
123	5010001	41	1235	6	10007#10043#10027#10014#10075	87	null	0	5
124	5010001	45	1237	1	10043#10062#10082#10006#10004	90	null	0	5
125	5010001	42	1240	2	10067#10022#10008#10057#10025	85	null	0	5
126	5010001	43	1209	3	10030#10062#10081#10020#10001	93	null	0	5
127	5010001	45	1208	4	10062#10026#10041#10002#10030	90	null	0	5
128	5010001	43	1250	5	10081#10062#10073#10082#10014	95	null	0	5
129	5010001	41	1237	6	10026#10043#10037#10082#10060	86	null	0	5
130	5010001	42	1232	1	10026#10062#10044#10057#10046	92	null	0	5
131	5010001	45	1201	2	10013#10081#10059#10021#10074	89	null	0	5
132	5010001	41	1235	3	10065#10023#10045#10006#10060	95	null	0	5
133	5010001	45	1222	4	10081#10043#10067#10060#10027	99	null	0	5
134	5010001	44	1197	5	10006#10044#10020#10075#10001	98	null	0	5
135	5010001	43	1242	6	10043#10030#10006#10049#10075	88	null	0	5
136	5010001	61	1253	1	10038#10062#10002#10075#10021	118	null	0	6
137	5010001	69	1276	2	10006#10045#10014#10027#10046	102	null	0	6
138	5010001	65	1346	3	10036#10089#10085#10002#10025	109	null	0	6
139	5010001	65	1284	4	10081#10013#10014#10059#10027	101	null	0	6
140	5010001	67	1320	5	10062#10007#10085#10067#10073	118	null	0	6
141	5010001	68	1288	6	10038#10043#10009#10008#10025	112	null	0	6
142	5010001	70	1259	1	10081#10038#10045#10082#10075	112	null	0	6
143	5010001	64	1340	2	10062#10007#10081#10074#10004	103	null	0	6
144	5010001	68	1264	3	10087#10038#10062#10044#10025	114	null	0	6
145	5010001	61	1286	4	10043#10062#10075#10081#10046	118	null	0	6
146	5010001	67	1260	5	10029#10045#10044#10041#10021	115	null	0	6
147	5010001	64	1273	6	10043#10026#10074#10006#10025	105	null	0	6
148	5010001	70	1304	1	10026#10062#10074#10002#10001	110	null	0	6
149	5010001	61	1307	2	10062#10013#10069#10047#10074	114	null	0	6
150	5010001	65	1266	3	10044#10036#10009#10082#10060	111	null	0	6
151	5010001	64	1337	4	10081#10043#10046#10044#10025	111	null	0	6
152	5010001	62	1265	5	10049#10038#10044#10025#10059	111	null	0	6
153	5010001	60	1302	6	10051#10081#10001#10074#10004	109	null	0	6
154	5010001	70	1324	1	10043#10062#10027#10075#10004	103	null	0	6
155	5010001	68	1256	2	10013#10081#10060#10046#10020	101	null	0	6
156	5010001	62	1280	3	10045#10006#10085#10008#10075	110	null	0	6
157	5010001	70	1307	4	10026#10043#10059#10074#10060	112	null	0	6
158	5010001	65	1295	5	10051#10062#10085#10057#10025	101	null	0	6
159	5010001	61	1332	6	10007#10062#10021#10006#10025	115	null	0	6
160	5010001	61	1271	1	10026#10062#10008#10021#10059	105	null	0	6
161	5010001	66	1317	2	10038#10043#10089#10045#10020	105	null	0	6
162	5010001	65	1343	3	10007#10026#10081#10074#10059	117	null	0	6
163	5010001	60	1301	4	10038#10007#10014#10059#10027	116	null	0	6
164	5010001	69	1311	5	10045#10049#10008#10059#10060	107	null	0	6
165	5010001	70	1334	6	10081#10007#10060#10031#10047	115	null	0	6
166	5010001	100	1411	1	10062#10007#10031#10041#10069	135	null	0	7
167	5010001	91	1369	2	10037#10085#10020#10027#10025	140	null	0	7
168	5010001	100	1354	3	10085#10049#10038#10020#10073	128	null	0	7
169	5010001	90	1372	4	10062#10087#10031#10004#10020	123	null	0	7
170	5010001	87	1417	5	10038#10062#10045#10067#10004	127	null	0	7
171	5010001	105	1435	6	10081#10038#10065#10074#10001	129	null	0	7
172	5010001	98	1415	1	10043#10062#10089#10067#10047	136	null	0	7
173	5010001	105	1355	2	10062#10007#10027#10002#10025	127	null	0	7
174	5010001	99	1449	3	10007#10081#10062#10002#10030	132	null	0	7
175	5010001	87	1408	4	10007#10038#10060#10020#10025	125	null	0	7
176	5010001	91	1354	5	10065#10044#10008#10073#10021	122	null	0	7
177	5010001	87	1442	6	10062#10038#10002#10085#10021	122	null	0	7
178	5010001	85	1383	1	10062#10026#10014#10021#10046	120	null	0	7
179	5010001	93	1421	2	10043#10007#10014#10082#10060	139	null	0	7
180	5010001	93	1412	3	10043#10081#10007#10008#10041	136	null	0	7
181	5010001	90	1416	4	10043#10062#10031#10001#10002	140	null	0	7
182	5010001	97	1436	5	10062#10007#10037#10002#10025	140	null	0	7
183	5010001	90	1385	6	10007#10081#10049#10014#10060	127	null	0	7
184	5010001	100	1381	1	10026#10007#10027#10001#10059	142	null	0	7
185	5010001	103	1448	2	10062#10038#10006#10002#10046	122	null	0	7
186	5010001	102	1402	3	10085#10014#10036#10002#10073	144	null	0	7
187	5010001	95	1404	4	10062#10026#10057#10046#10027	135	null	0	7
188	5010001	85	1383	5	10085#10065#10020#10060#10001	120	null	0	7
189	5010001	105	1441	6	10038#10062#10021#10008#10060	131	null	0	7
190	5010001	101	1399	1	10062#10026#10014#10027#10029	142	null	0	7
191	5010001	105	1384	2	10038#10026#10073#10075#10082	141	null	0	7
192	5010001	87	1399	3	10081#10013#10043#10006#10046	135	null	0	7
193	5010001	89	1413	4	10007#10038#10059#10074#10047	141	null	0	7
194	5010001	93	1400	5	10014#10067#10027#10025#10047	126	null	0	7
195	5010001	90	1353	6	10081#10038#10002#10036#10060	127	null	0	7
196	5010001	118	1473	1	10030#10062#10006#10001#10025	178	null	0	8
197	5010001	110	1463	2	10089#10029#10014#10027#10060	169	null	0	8
198	5010001	110	1477	3	10089#10014#10045#10008#10059	177	null	0	8
199	5010001	120	1451	4	10088#10007#10002#10046#10027	162	null	0	8
200	5010001	115	1490	5	10038#10062#10022#10008#10004	167	null	0	8
201	5010001	113	1550	6	10043#10062#10036#10008#10060	180	null	0	8
202	5010001	116	1483	1	10062#10088#10011#10067#10073	163	null	0	8
203	5010001	116	1548	2	10062#10081#10031#10067#10073	166	null	0	8
204	5010001	111	1559	3	10062#10007#10043#10020#10059	173	null	0	8
205	5010001	115	1540	4	10038#10007#10059#10082#10001	164	null	0	8
206	5010001	119	1538	5	10065#10006#10002#10047#10004	168	null	0	8
207	5010001	119	1471	6	10081#10007#10020#10014#10001	180	null	0	8
208	5010001	118	1457	1	10062#10081#10002#10008#10021	171	null	0	8
209	5010001	113	1519	2	10007#10026#10025#10041#10027	172	null	0	8
210	5010001	110	1570	3	10067#10029#10006#10002#10075	167	null	0	8
211	5010001	115	1562	4	10007#10043#10027#10021#10074	160	null	0	8
212	5010001	115	1542	5	10062#10081#10060#10008#10002	167	null	0	8
213	5010001	116	1467	6	10030#10007#10023#10027#10073	179	null	0	8
214	5010001	113	1467	1	10038#10013#10085#10067#10030	160	null	0	8
215	5010001	110	1544	2	10026#10007#10014#10027#10041	169	null	0	8
216	5010001	115	1549	3	10065#10067#10023#10027#10059	160	null	0	8
217	5010001	120	1488	4	10038#10026#10060#10081#10075	168	null	0	8
218	5010001	117	1489	5	10085#10067#10057#10041#10059	175	null	0	8
219	5010001	111	1455	6	10013#10081#10089#10057#10001	168	null	0	8
220	5010001	115	1522	1	10007#10051#10036#10067#10069	180	null	0	8
221	5010001	112	1512	2	10062#10081#10060#10059#10002	168	null	0	8
222	5010001	113	1487	3	10045#10023#10009#10082#10075	174	null	0	8
223	5010001	116	1597	4	10030#10038#10006#10059#10020	165	null	0	8
224	5010001	116	1452	5	10062#10043#10045#10031#10075	172	null	0	8
225	5010001	117	1594	6	10038#10013#10037#10067#10004	180	null	0	8
226	5010001	128	1630	1	10013#10026#10027#10060#10004	206	null	0	9
227	5010001	120	1614	2	10045#10037#10057#10031#10073	207	null	0	9
228	5010001	120	1703	3	10085#10023#10006#10082#10059	215	null	0	9
229	5010001	130	1612	4	10088#10081#10020#10001#10031	205	null	0	9
230	5010001	125	1675	5	10026#10038#10065#10031#10073	213	null	0	9
231	5010001	123	1730	6	10087#10051#10036#10074#10060	205	null	0	9
232	5010001	126	1619	1	10062#10026#10065#10020#10060	205	null	0	9
233	5010001	126	1649	2	10007#10026#10020#10008#10021	201	null	0	9
234	5010001	121	1657	3	10007#10026#10038#10081#10025	208	null	0	9
235	5010001	125	1643	4	10038#10062#10004#10057#10001	215	null	0	9
236	5010001	129	1682	5	10023#10006#10082#10075#10021	215	null	0	9
237	5010001	129	1750	6	10062#10081#10074#10065#10069	208	null	0	9
238	5010001	128	1709	1	10043#10062#10020#10075#10047	213	null	0	9
239	5010001	123	1682	2	10062#10088#10038#10011#10027	203	null	0	9
240	5010001	120	1617	3	10038#10062#10043#10082#10004	200	null	0	9
241	5010001	125	1673	4	10038#10062#10060#10081#10069	217	null	0	9
242	5010001	125	1736	5	10009#10038#10074#10060#10030	203	null	0	9
243	5010001	126	1694	6	10081#10062#10009#10031#10025	203	null	0	9
244	5010001	123	1746	1	10062#10038#10027#10031#10001	216	null	0	9
245	5010001	120	1644	2	10049#10067#10031#10027#10060	220	null	0	9
246	5010001	125	1650	3	10006#10022#10037#10074#10041	206	null	0	9
247	5010001	130	1630	4	10026#10038#10059#10081#10060	215	null	0	9
248	5010001	127	1647	5	10009#10044#10027#10046#10060	202	null	0	9
249	5010001	121	1608	6	10013#10030#10038#10069#10006	216	null	0	9
250	5010001	125	1689	1	10043#10062#10036#10057#10060	219	null	0	9
251	5010001	122	1626	2	10022#10085#10081#10002#10004	205	null	0	9
252	5010001	123	1736	3	10062#10026#10088#10074#10001	219	null	0	9
253	5010001	126	1734	4	10081#10038#10025#10027#10059	205	null	0	9
254	5010001	126	1616	5	10026#10043#10044#10082#10030	206	null	0	9
255	5010001	127	1610	6	10038#10062#10085#10006#10059	211	null	0	9
256	5010001	144	1959	1	10013#10081#10057#10059#10075	232	null	0	10
257	5010001	139	1900	2	10044#10006#10074#10008#10021	244	null	0	10
258	5010001	138	1814	3	10023#10037#10022#10074#10059	251	null	0	10
259	5010001	140	1899	4	10062#10043#10020#10041#10057	252	null	0	10
260	5010001	138	1998	5	10081#10062#10009#10014#10030	240	null	0	10
261	5010001	141	1822	6	10026#10007#10045#10002#10069	255	null	0	10
262	5010001	143	1800	1	10081#10026#10065#10014#10073	240	null	0	10
263	5010001	135	1973	2	10081#10043#10082#10031#10060	249	null	0	10
264	5010001	138	1882	3	10038#10013#10062#10074#10075	230	null	0	10
265	5010001	150	1896	4	10043#10062#10041#10074#10004	250	null	0	10
266	5010001	149	1795	5	10045#10044#10074#10075#10059	253	null	0	10
267	5010001	142	1774	6	10043#10062#10074#10045#10025	233	null	0	10
268	5010001	140	1865	1	10030#10038#10027#10001#10046	232	null	0	10
269	5010001	140	1994	2	10036#10065#10031#10057#10001	252	null	0	10
270	5010001	136	1928	3	10081#10051#10007#10020#10075	233	null	0	10
271	5010001	138	1971	4	10062#10043#10030#10057#10021	251	null	0	10
272	5010001	138	1997	5	10009#10006#10008#10046#10075	240	null	0	10
273	5010001	137	1892	6	10081#10007#10059#10057#10069	232	null	0	10
274	5010001	138	1876	1	10062#10026#10057#10041#10060	240	null	0	10
275	5010001	137	1878	2	10043#10062#10008#10074#10025	238	null	0	10
276	5010001	135	1781	3	10085#10045#10037#10006#10060	249	null	0	10
277	5010001	135	1792	4	10043#10062#10030#10044#10025	234	null	0	10
278	5010001	140	1784	5	10051#10038#10045#10008#10047	235	null	0	10
279	5010001	136	1984	6	10088#10062#10004#10002#10001	244	null	0	10
280	5010001	140	1897	1	10081#10038#10023#10027#10069	250	null	0	10
281	5010001	137	1762	2	10081#10051#10027#10082#10004	233	null	0	10
282	5010001	138	1843	3	10089#10065#10037#10074#10075	239	null	0	10
283	5010001	141	1876	4	10013#10062#10044#10075#10031	234	null	0	10
284	5010001	141	1920	5	10062#10038#10001#10020#10057	254	null	0	10
285	5010001	142	1951	6	10043#10013#10004#10027#10041	251	null	0	10
286	5010001	10	800	1	10087#10014	10	null	0	11
287	5010001	10	800	2	10014#10067	10	null	0	11
288	5010001	10	800	3	10067#10089	10	null	0	11
289	5010001	10	800	4	10031#10029	10	null	0	11
290	5010001	10	800	5	10013#10029	10	null	0	11
291	5010001	10	800	6	10011#10031	10	null	0	11
292	5010001	100	1	1	10013#10081#10057#10059#10075	145	null	0	101
293	5010001	100	2	2	10044#10006#10074#10008#10021	145	null	0	101
294	5010001	100	3	3	10023#10037#10022#10074#10059	145	null	0	101
295	5010001	100	4	4	10062#10043#10020#10041#10057	145	null	0	101
296	5010001	100	5	5	10081#10062#10009#10014#10030	145	null	0	101
297	5010001	100	6	6	10026#10007#10045#10002#10069	145	null	0	101
298	5010001	100	7	1	10081#10026#10065#10014#10073	145	null	0	101
299	5010001	100	8	2	10081#10043#10082#10031#10060	145	null	0	101
300	5010001	100	9	3	10038#10013#10062#10074#10075	145	null	0	101
301	5010001	100	10	4	10043#10062#10041#10074#10004	145	null	0	101
302	5010001	100	11	1	10013#10081#10057#10059#10075	145	null	0	101
303	5010001	100	12	2	10044#10006#10074#10008#10021	145	null	0	101
304	5010001	100	13	3	10023#10037#10022#10074#10059	145	null	0	101
305	5010001	100	14	4	10062#10043#10020#10041#10057	145	null	0	101
306	5010001	100	15	5	10081#10062#10009#10014#10030	145	null	0	101
307	5010001	100	16	6	10026#10007#10045#10002#10069	145	null	0	101
308	5010001	100	17	1	10081#10026#10065#10014#10073	145	null	0	101
309	5010001	100	18	2	10081#10043#10082#10031#10060	145	null	0	101
310	5010001	100	19	3	10038#10013#10062#10074#10075	145	null	0	101
311	5010001	100	20	4	10043#10062#10041#10074#10004	145	null	0	101
312	5010001	100	21	1	10013#10081#10057#10059#10075	145	null	0	101
313	5010001	100	22	2	10044#10006#10074#10008#10021	145	null	0	101
314	5010001	100	23	3	10023#10037#10022#10074#10059	145	null	0	101
315	5010001	100	24	4	10062#10043#10020#10041#10057	145	null	0	101
316	5010001	100	25	5	10081#10062#10009#10014#10030	145	null	0	101
317	5010001	100	26	6	10026#10007#10045#10002#10069	145	null	0	101
318	5010001	100	27	1	10081#10026#10065#10014#10073	145	null	0	101
319	5010001	100	28	2	10081#10043#10082#10031#10060	145	null	0	101
320	5010001	100	29	3	10038#10013#10062#10074#10075	145	null	0	101
321	5010001	100	30	4	10043#10062#10041#10074#10004	145	null	0	101
322	5010001	100	31	1	10013#10081#10057#10059#10075	145	null	0	101
323	5010001	100	32	2	10044#10006#10074#10008#10021	145	null	0	101
324	5010001	100	33	3	10023#10037#10022#10074#10059	145	null	0	101
325	5010001	100	34	4	10062#10043#10020#10041#10057	145	null	0	101
326	5010001	100	35	5	10081#10062#10009#10014#10030	145	null	0	101
327	5010001	100	36	6	10026#10007#10045#10002#10069	145	null	0	101
328	5010001	100	37	1	10081#10026#10065#10014#10073	145	null	0	101
329	5010001	100	38	2	10081#10043#10082#10031#10060	145	null	0	101
330	5010001	100	39	3	10038#10013#10062#10074#10075	145	null	0	101
331	5010001	100	40	4	10043#10062#10041#10074#10004	145	null	0	101
332	5010001	100	41	1	10013#10081#10057#10059#10075	145	null	0	101
333	5010001	100	42	2	10044#10006#10074#10008#10021	140	null	0	101
334	5010001	100	43	3	10023#10037#10022#10074#10059	140	null	0	101
335	5010001	100	44	4	10062#10043#10020#10041#10057	140	null	0	101
336	5010001	100	45	5	10081#10062#10009#10014#10030	140	null	0	101
337	5010001	100	46	6	10026#10007#10045#10002#10069	140	null	0	101
338	5010001	100	47	1	10081#10026#10065#10014#10073	140	null	0	101
339	5010001	100	48	2	10081#10043#10082#10031#10060	140	null	0	101
340	5010001	100	49	3	10038#10013#10062#10074#10075	140	null	0	101
341	5010001	100	50	4	10043#10062#10041#10074#10004	140	null	0	101
342	5010001	98	51	1	10013#10081#10057#10059#10075	140	null	0	101
343	5010001	98	52	2	10044#10006#10074#10008#10021	140	null	0	101
344	5010001	98	53	3	10023#10037#10022#10074#10059	140	null	0	101
345	5010001	98	54	4	10062#10043#10020#10041#10057	140	null	0	101
346	5010001	98	55	5	10081#10062#10009#10014#10030	140	null	0	101
347	5010001	98	56	6	10026#10007#10045#10002#10069	140	null	0	101
348	5010001	98	57	1	10081#10026#10065#10014#10073	140	null	0	101
349	5010001	98	58	2	10081#10043#10082#10031#10060	140	null	0	101
350	5010001	98	59	3	10038#10013#10062#10074#10075	140	null	0	101
351	5010001	98	60	4	10043#10062#10041#10074#10004	140	null	0	101
352	5010001	98	61	1	10013#10081#10057#10059#10075	140	null	0	101
353	5010001	98	62	2	10044#10006#10074#10008#10021	140	null	0	101
354	5010001	98	63	3	10023#10037#10022#10074#10059	140	null	0	101
355	5010001	98	64	4	10062#10043#10020#10041#10057	140	null	0	101
356	5010001	98	65	5	10081#10062#10009#10014#10030	140	null	0	101
357	5010001	98	66	6	10026#10007#10045#10002#10069	140	null	0	101
358	5010001	98	67	1	10081#10026#10065#10014#10073	140	null	0	101
359	5010001	98	68	2	10081#10043#10082#10031#10060	140	null	0	101
360	5010001	98	69	3	10038#10013#10062#10074#10075	140	null	0	101
361	5010001	98	70	4	10043#10062#10041#10074#10004	140	null	0	101
362	5010001	98	71	1	10013#10081#10057#10059#10075	140	null	0	101
363	5010001	98	72	2	10044#10006#10074#10008#10021	140	null	0	101
364	5010001	98	73	3	10023#10037#10022#10074#10059	140	null	0	101
365	5010001	98	74	4	10062#10043#10020#10041#10057	140	null	0	101
366	5010001	98	75	5	10081#10062#10009#10014#10030	140	null	0	101
367	5010001	98	76	6	10026#10007#10045#10002#10069	140	null	0	101
368	5010001	98	77	1	10081#10026#10065#10014#10073	140	null	0	101
369	5010001	98	78	2	10081#10043#10082#10031#10060	140	null	0	101
370	5010001	98	79	3	10038#10013#10062#10074#10075	140	null	0	101
371	5010001	98	80	4	10043#10062#10041#10074#10004	140	null	0	101
372	5010001	98	81	1	10013#10081#10057#10059#10075	140	null	0	101
373	5010001	98	82	2	10044#10006#10074#10008#10021	140	null	0	101
374	5010001	98	83	3	10023#10037#10022#10074#10059	135	null	0	101
375	5010001	98	84	4	10062#10043#10020#10041#10057	135	null	0	101
376	5010001	98	85	5	10081#10062#10009#10014#10030	135	null	0	101
377	5010001	98	86	6	10026#10007#10045#10002#10069	135	null	0	101
378	5010001	98	87	1	10081#10026#10065#10014#10073	135	null	0	101
379	5010001	98	88	2	10081#10043#10082#10031#10060	135	null	0	101
380	5010001	98	89	3	10038#10013#10062#10074#10075	135	null	0	101
381	5010001	98	90	4	10043#10062#10041#10074#10004	135	null	0	101
382	5010001	98	91	1	10013#10081#10057#10059#10075	135	null	0	101
383	5010001	98	92	2	10044#10006#10074#10008#10021	135	null	0	101
384	5010001	98	93	3	10023#10037#10022#10074#10059	135	null	0	101
385	5010001	98	94	4	10062#10043#10020#10041#10057	135	null	0	101
386	5010001	98	95	5	10081#10062#10009#10014#10030	135	null	0	101
387	5010001	98	96	6	10026#10007#10045#10002#10069	135	null	0	101
388	5010001	98	97	1	10081#10026#10065#10014#10073	135	null	0	101
389	5010001	98	98	2	10081#10043#10082#10031#10060	135	null	0	101
390	5010001	98	99	3	10038#10013#10062#10074#10075	135	null	0	101
391	5010001	98	100	4	10043#10062#10041#10074#10004	135	null	0	101
392	5010001	96	101	1	10013#10081#10057#10059#10075	135	null	0	101
393	5010001	96	102	2	10044#10006#10074#10008#10021	135	null	0	101
394	5010001	96	103	3	10023#10037#10022#10074#10059	135	null	0	101
395	5010001	96	104	4	10062#10043#10020#10041#10057	135	null	0	101
396	5010001	96	105	5	10081#10062#10009#10014#10030	135	null	0	101
397	5010001	96	106	6	10026#10007#10045#10002#10069	135	null	0	101
398	5010001	96	107	1	10081#10026#10065#10014#10073	135	null	0	101
399	5010001	96	108	2	10081#10043#10082#10031#10060	135	null	0	101
400	5010001	96	109	3	10038#10013#10062#10074#10075	135	null	0	101
401	5010001	96	110	4	10043#10062#10041#10074#10004	135	null	0	101
402	5010001	96	111	1	10013#10081#10057#10059#10075	135	null	0	101
403	5010001	96	112	2	10044#10006#10074#10008#10021	135	null	0	101
404	5010001	96	113	3	10023#10037#10022#10074#10059	135	null	0	101
405	5010001	96	114	4	10062#10043#10020#10041#10057	135	null	0	101
406	5010001	96	115	5	10081#10062#10009#10014#10030	135	null	0	101
407	5010001	96	116	6	10026#10007#10045#10002#10069	135	null	0	101
408	5010001	96	117	1	10081#10026#10065#10014#10073	135	null	0	101
409	5010001	96	118	2	10081#10043#10082#10031#10060	135	null	0	101
410	5010001	96	119	3	10038#10013#10062#10074#10075	135	null	0	101
411	5010001	96	120	4	10043#10062#10041#10074#10004	135	null	0	101
412	5010001	96	121	1	10013#10081#10057#10059#10075	135	null	0	101
413	5010001	96	122	2	10044#10006#10074#10008#10021	135	null	0	101
414	5010001	96	123	3	10023#10037#10022#10074#10059	135	null	0	101
415	5010001	96	124	4	10062#10043#10020#10041#10057	130	null	0	101
416	5010001	96	125	5	10081#10062#10009#10014#10030	130	null	0	101
417	5010001	96	126	6	10026#10007#10045#10002#10069	130	null	0	101
418	5010001	96	127	1	10081#10026#10065#10014#10073	130	null	0	101
419	5010001	96	128	2	10081#10043#10082#10031#10060	130	null	0	101
420	5010001	96	129	3	10038#10013#10062#10074#10075	130	null	0	101
421	5010001	96	130	4	10043#10062#10041#10074#10004	130	null	0	101
422	5010001	96	131	1	10013#10081#10057#10059#10075	130	null	0	101
423	5010001	96	132	2	10044#10006#10074#10008#10021	130	null	0	101
424	5010001	96	133	3	10023#10037#10022#10074#10059	130	null	0	101
425	5010001	96	134	4	10062#10043#10020#10041#10057	130	null	0	101
426	5010001	96	135	5	10081#10062#10009#10014#10030	130	null	0	101
427	5010001	96	136	6	10026#10007#10045#10002#10069	130	null	0	101
428	5010001	96	137	1	10081#10026#10065#10014#10073	130	null	0	101
429	5010001	96	138	2	10081#10043#10082#10031#10060	130	null	0	101
430	5010001	96	139	3	10038#10013#10062#10074#10075	130	null	0	101
431	5010001	96	140	4	10043#10062#10041#10074#10004	130	null	0	101
432	5010001	96	141	1	10013#10081#10057#10059#10075	130	null	0	101
433	5010001	96	142	2	10044#10006#10074#10008#10021	130	null	0	101
434	5010001	96	143	3	10023#10037#10022#10074#10059	130	null	0	101
435	5010001	96	144	4	10062#10043#10020#10041#10057	130	null	0	101
436	5010001	96	145	5	10081#10062#10009#10014#10030	130	null	0	101
437	5010001	96	146	6	10026#10007#10045#10002#10069	130	null	0	101
438	5010001	96	147	1	10081#10026#10065#10014#10073	130	null	0	101
439	5010001	96	148	2	10081#10043#10082#10031#10060	130	null	0	101
440	5010001	96	149	3	10038#10013#10062#10074#10075	130	null	0	101
441	5010001	96	150	4	10043#10062#10041#10074#10004	130	null	0	101
442	5010001	94	151	1	10013#10081#10057#10059#10075	130	null	0	101
443	5010001	94	152	2	10044#10006#10074#10008#10021	130	null	0	101
444	5010001	94	153	3	10023#10037#10022#10074#10059	130	null	0	101
445	5010001	94	154	4	10062#10043#10020#10041#10057	130	null	0	101
446	5010001	94	155	5	10081#10062#10009#10014#10030	130	null	0	101
447	5010001	94	156	6	10026#10007#10045#10002#10069	130	null	0	101
448	5010001	94	157	1	10081#10026#10065#10014#10073	130	null	0	101
449	5010001	94	158	2	10081#10043#10082#10031#10060	130	null	0	101
450	5010001	94	159	3	10038#10013#10062#10074#10075	130	null	0	101
451	5010001	94	160	4	10043#10062#10041#10074#10004	130	null	0	101
452	5010001	94	161	1	10013#10081#10057#10059#10075	130	null	0	101
453	5010001	94	162	2	10044#10006#10074#10008#10021	130	null	0	101
454	5010001	94	163	3	10023#10037#10022#10074#10059	130	null	0	101
455	5010001	94	164	4	10062#10043#10020#10041#10057	130	null	0	101
456	5010001	94	165	5	10081#10062#10009#10014#10030	125	null	0	101
457	5010001	94	166	6	10026#10007#10045#10002#10069	125	null	0	101
458	5010001	94	167	1	10081#10026#10065#10014#10073	125	null	0	101
459	5010001	94	168	2	10081#10043#10082#10031#10060	125	null	0	101
460	5010001	94	169	3	10038#10013#10062#10074#10075	125	null	0	101
461	5010001	94	170	4	10043#10062#10041#10074#10004	125	null	0	101
462	5010001	94	171	1	10013#10081#10057#10059#10075	125	null	0	101
463	5010001	94	172	2	10044#10006#10074#10008#10021	125	null	0	101
464	5010001	94	173	3	10023#10037#10022#10074#10059	125	null	0	101
465	5010001	94	174	4	10062#10043#10020#10041#10057	125	null	0	101
466	5010001	94	175	5	10081#10062#10009#10014#10030	125	null	0	101
467	5010001	94	176	6	10026#10007#10045#10002#10069	125	null	0	101
468	5010001	94	177	1	10081#10026#10065#10014#10073	125	null	0	101
469	5010001	94	178	2	10081#10043#10082#10031#10060	125	null	0	101
470	5010001	94	179	3	10038#10013#10062#10074#10075	125	null	0	101
471	5010001	94	180	4	10043#10062#10041#10074#10004	125	null	0	101
472	5010001	94	181	1	10013#10081#10057#10059#10075	125	null	0	101
473	5010001	94	182	2	10044#10006#10074#10008#10021	125	null	0	101
474	5010001	94	183	3	10023#10037#10022#10074#10059	125	null	0	101
475	5010001	94	184	4	10062#10043#10020#10041#10057	125	null	0	101
476	5010001	94	185	5	10081#10062#10009#10014#10030	125	null	0	101
477	5010001	94	186	6	10026#10007#10045#10002#10069	125	null	0	101
478	5010001	94	187	1	10081#10026#10065#10014#10073	125	null	0	101
479	5010001	94	188	2	10081#10043#10082#10031#10060	125	null	0	101
480	5010001	94	189	3	10038#10013#10062#10074#10075	125	null	0	101
481	5010001	94	190	4	10043#10062#10041#10074#10004	125	null	0	101
482	5010001	94	191	1	10013#10081#10057#10059#10075	125	null	0	101
483	5010001	94	192	2	10044#10006#10074#10008#10021	125	null	0	101
484	5010001	94	193	3	10023#10037#10022#10074#10059	125	null	0	101
485	5010001	94	194	4	10062#10043#10020#10041#10057	125	null	0	101
486	5010001	94	195	5	10081#10062#10009#10014#10030	125	null	0	101
487	5010001	94	196	6	10026#10007#10045#10002#10069	125	null	0	101
488	5010001	94	197	1	10081#10026#10065#10014#10073	125	null	0	101
489	5010001	94	198	2	10081#10043#10082#10031#10060	125	null	0	101
490	5010001	94	199	3	10038#10013#10062#10074#10075	125	null	0	101
491	5010001	94	200	4	10043#10062#10041#10074#10004	125	null	0	101
492	5010001	92	201	1	10013#10081#10057#10059#10075	125	null	0	101
493	5010001	92	202	2	10044#10006#10074#10008#10021	125	null	0	101
494	5010001	92	203	3	10023#10037#10022#10074#10059	125	null	0	101
495	5010001	92	204	4	10062#10043#10020#10041#10057	125	null	0	101
496	5010001	92	205	5	10081#10062#10009#10014#10030	125	null	0	101
497	5010001	92	206	6	10026#10007#10045#10002#10069	120	null	0	101
498	5010001	92	207	1	10081#10026#10065#10014#10073	120	null	0	101
499	5010001	92	208	2	10081#10043#10082#10031#10060	120	null	0	101
500	5010001	92	209	3	10038#10013#10062#10074#10075	120	null	0	101
501	5010001	92	210	4	10043#10062#10041#10074#10004	120	null	0	101
502	5010001	92	211	1	10013#10081#10057#10059#10075	120	null	0	101
503	5010001	92	212	2	10044#10006#10074#10008#10021	120	null	0	101
504	5010001	92	213	3	10023#10037#10022#10074#10059	120	null	0	101
505	5010001	92	214	4	10062#10043#10020#10041#10057	120	null	0	101
506	5010001	92	215	5	10081#10062#10009#10014#10030	120	null	0	101
507	5010001	92	216	6	10026#10007#10045#10002#10069	120	null	0	101
508	5010001	92	217	1	10081#10026#10065#10014#10073	120	null	0	101
509	5010001	92	218	2	10081#10043#10082#10031#10060	120	null	0	101
510	5010001	92	219	3	10038#10013#10062#10074#10075	120	null	0	101
511	5010001	92	220	4	10043#10062#10041#10074#10004	120	null	0	101
512	5010001	92	221	1	10013#10081#10057#10059#10075	120	null	0	101
513	5010001	92	222	2	10044#10006#10074#10008#10021	120	null	0	101
514	5010001	92	223	3	10023#10037#10022#10074#10059	120	null	0	101
515	5010001	92	224	4	10062#10043#10020#10041#10057	120	null	0	101
516	5010001	92	225	5	10081#10062#10009#10014#10030	120	null	0	101
517	5010001	92	226	6	10026#10007#10045#10002#10069	120	null	0	101
518	5010001	92	227	1	10081#10026#10065#10014#10073	120	null	0	101
519	5010001	92	228	2	10081#10043#10082#10031#10060	120	null	0	101
520	5010001	92	229	3	10038#10013#10062#10074#10075	120	null	0	101
521	5010001	92	230	4	10043#10062#10041#10074#10004	120	null	0	101
522	5010001	92	231	1	10013#10081#10057#10059#10075	120	null	0	101
523	5010001	92	232	2	10044#10006#10074#10008#10021	120	null	0	101
524	5010001	92	233	3	10023#10037#10022#10074#10059	120	null	0	101
525	5010001	92	234	4	10062#10043#10020#10041#10057	120	null	0	101
526	5010001	92	235	5	10081#10062#10009#10014#10030	120	null	0	101
527	5010001	92	236	6	10026#10007#10045#10002#10069	120	null	0	101
528	5010001	92	237	1	10081#10026#10065#10014#10073	120	null	0	101
529	5010001	92	238	2	10081#10043#10082#10031#10060	120	null	0	101
530	5010001	92	239	3	10038#10013#10062#10074#10075	120	null	0	101
531	5010001	92	240	4	10043#10062#10041#10074#10004	120	null	0	101
532	5010001	92	241	1	10013#10081#10057#10059#10075	120	null	0	101
533	5010001	92	242	2	10044#10006#10074#10008#10021	120	null	0	101
534	5010001	92	243	3	10023#10037#10022#10074#10059	120	null	0	101
535	5010001	92	244	4	10062#10043#10020#10041#10057	120	null	0	101
536	5010001	92	245	5	10081#10062#10009#10014#10030	120	null	0	101
537	5010001	92	246	6	10026#10007#10045#10002#10069	120	null	0	101
538	5010001	92	247	1	10081#10026#10065#10014#10073	115	null	0	101
539	5010001	92	248	2	10081#10043#10082#10031#10060	115	null	0	101
540	5010001	92	249	3	10038#10013#10062#10074#10075	115	null	0	101
541	5010001	92	250	4	10043#10062#10041#10074#10004	115	null	0	101
542	5010001	90	251	1	10013#10081#10057#10059#10075	115	null	0	101
543	5010001	90	252	2	10044#10006#10074#10008#10021	115	null	0	101
544	5010001	90	253	3	10023#10037#10022#10074#10059	115	null	0	101
545	5010001	90	254	4	10062#10043#10020#10041#10057	115	null	0	101
546	5010001	90	255	5	10081#10062#10009#10014#10030	115	null	0	101
547	5010001	90	256	6	10026#10007#10045#10002#10069	115	null	0	101
548	5010001	90	257	1	10081#10026#10065#10014#10073	115	null	0	101
549	5010001	90	258	2	10081#10043#10082#10031#10060	115	null	0	101
550	5010001	90	259	3	10038#10013#10062#10074#10075	115	null	0	101
551	5010001	90	260	4	10043#10062#10041#10074#10004	115	null	0	101
552	5010001	90	261	1	10013#10081#10057#10059#10075	115	null	0	101
553	5010001	90	262	2	10044#10006#10074#10008#10021	115	null	0	101
554	5010001	90	263	3	10023#10037#10022#10074#10059	115	null	0	101
555	5010001	90	264	4	10062#10043#10020#10041#10057	115	null	0	101
556	5010001	90	265	5	10081#10062#10009#10014#10030	115	null	0	101
557	5010001	90	266	6	10026#10007#10045#10002#10069	115	null	0	101
558	5010001	90	267	1	10081#10026#10065#10014#10073	115	null	0	101
559	5010001	90	268	2	10081#10043#10082#10031#10060	115	null	0	101
560	5010001	90	269	3	10038#10013#10062#10074#10075	115	null	0	101
561	5010001	90	270	4	10043#10062#10041#10074#10004	115	null	0	101
562	5010001	90	271	1	10013#10081#10057#10059#10075	115	null	0	101
563	5010001	90	272	2	10044#10006#10074#10008#10021	115	null	0	101
564	5010001	90	273	3	10023#10037#10022#10074#10059	115	null	0	101
565	5010001	90	274	4	10062#10043#10020#10041#10057	115	null	0	101
566	5010001	90	275	5	10081#10062#10009#10014#10030	115	null	0	101
567	5010001	90	276	6	10026#10007#10045#10002#10069	115	null	0	101
568	5010001	90	277	1	10081#10026#10065#10014#10073	115	null	0	101
569	5010001	90	278	2	10081#10043#10082#10031#10060	115	null	0	101
570	5010001	90	279	3	10038#10013#10062#10074#10075	115	null	0	101
571	5010001	90	280	4	10043#10062#10041#10074#10004	115	null	0	101
572	5010001	90	281	1	10013#10081#10057#10059#10075	115	null	0	101
573	5010001	90	282	2	10044#10006#10074#10008#10021	115	null	0	101
574	5010001	90	283	3	10023#10037#10022#10074#10059	115	null	0	101
575	5010001	90	284	4	10062#10043#10020#10041#10057	115	null	0	101
576	5010001	90	285	5	10081#10062#10009#10014#10030	115	null	0	101
577	5010001	90	286	6	10026#10007#10045#10002#10069	115	null	0	101
578	5010001	90	287	1	10081#10026#10065#10014#10073	115	null	0	101
579	5010001	90	288	2	10081#10043#10082#10031#10060	110	null	0	101
580	5010001	90	289	3	10038#10013#10062#10074#10075	110	null	0	101
581	5010001	90	290	4	10043#10062#10041#10074#10004	110	null	0	101
582	5010001	90	291	1	10013#10081#10057#10059#10075	110	null	0	101
583	5010001	90	292	2	10044#10006#10074#10008#10021	110	null	0	101
584	5010001	90	293	3	10023#10037#10022#10074#10059	110	null	0	101
585	5010001	90	294	4	10062#10043#10020#10041#10057	110	null	0	101
586	5010001	90	295	5	10081#10062#10009#10014#10030	110	null	0	101
587	5010001	90	296	6	10026#10007#10045#10002#10069	110	null	0	101
588	5010001	90	297	1	10081#10026#10065#10014#10073	110	null	0	101
589	5010001	90	298	2	10081#10043#10082#10031#10060	110	null	0	101
590	5010001	90	299	3	10038#10013#10062#10074#10075	110	null	0	101
591	5010001	90	300	4	10043#10062#10041#10074#10004	110	null	0	101
592	5010001	88	301	1	10013#10081#10057#10059#10075	110	null	0	101
593	5010001	88	302	2	10044#10006#10074#10008#10021	110	null	0	101
594	5010001	88	303	3	10023#10037#10022#10074#10059	110	null	0	101
595	5010001	88	304	4	10062#10043#10020#10041#10057	110	null	0	101
596	5010001	88	305	5	10081#10062#10009#10014#10030	110	null	0	101
597	5010001	88	306	6	10026#10007#10045#10002#10069	110	null	0	101
598	5010001	88	307	1	10081#10026#10065#10014#10073	110	null	0	101
599	5010001	88	308	2	10081#10043#10082#10031#10060	110	null	0	101
600	5010001	88	309	3	10038#10013#10062#10074#10075	110	null	0	101
601	5010001	88	310	4	10043#10062#10041#10074#10004	110	null	0	101
602	5010001	88	311	1	10013#10081#10057#10059#10075	110	null	0	101
603	5010001	88	312	2	10044#10006#10074#10008#10021	110	null	0	101
604	5010001	88	313	3	10023#10037#10022#10074#10059	110	null	0	101
605	5010001	88	314	4	10062#10043#10020#10041#10057	110	null	0	101
606	5010001	88	315	5	10081#10062#10009#10014#10030	110	null	0	101
607	5010001	88	316	6	10026#10007#10045#10002#10069	110	null	0	101
608	5010001	88	317	1	10081#10026#10065#10014#10073	110	null	0	101
609	5010001	88	318	2	10081#10043#10082#10031#10060	110	null	0	101
610	5010001	88	319	3	10038#10013#10062#10074#10075	110	null	0	101
611	5010001	88	320	4	10043#10062#10041#10074#10004	110	null	0	101
612	5010001	88	321	1	10013#10081#10057#10059#10075	110	null	0	101
613	5010001	88	322	2	10044#10006#10074#10008#10021	110	null	0	101
614	5010001	88	323	3	10023#10037#10022#10074#10059	110	null	0	101
615	5010001	88	324	4	10062#10043#10020#10041#10057	110	null	0	101
616	5010001	88	325	5	10081#10062#10009#10014#10030	110	null	0	101
617	5010001	88	326	6	10026#10007#10045#10002#10069	110	null	0	101
618	5010001	88	327	1	10081#10026#10065#10014#10073	110	null	0	101
619	5010001	88	328	2	10081#10043#10082#10031#10060	110	null	0	101
620	5010001	88	329	3	10038#10013#10062#10074#10075	105	null	0	101
621	5010001	88	330	4	10043#10062#10041#10074#10004	105	null	0	101
622	5010001	88	331	1	10013#10081#10057#10059#10075	105	null	0	101
623	5010001	88	332	2	10044#10006#10074#10008#10021	105	null	0	101
624	5010001	88	333	3	10023#10037#10022#10074#10059	105	null	0	101
625	5010001	88	334	4	10062#10043#10020#10041#10057	105	null	0	101
626	5010001	88	335	5	10081#10062#10009#10014#10030	105	null	0	101
627	5010001	88	336	6	10026#10007#10045#10002#10069	105	null	0	101
628	5010001	88	337	1	10081#10026#10065#10014#10073	105	null	0	101
629	5010001	88	338	2	10081#10043#10082#10031#10060	105	null	0	101
630	5010001	88	339	3	10038#10013#10062#10074#10075	105	null	0	101
631	5010001	88	340	4	10043#10062#10041#10074#10004	105	null	0	101
632	5010001	88	341	1	10013#10081#10057#10059#10075	105	null	0	101
633	5010001	88	342	2	10044#10006#10074#10008#10021	105	null	0	101
634	5010001	88	343	3	10023#10037#10022#10074#10059	105	null	0	101
635	5010001	88	344	4	10062#10043#10020#10041#10057	105	null	0	101
636	5010001	88	345	5	10081#10062#10009#10014#10030	105	null	0	101
637	5010001	88	346	6	10026#10007#10045#10002#10069	105	null	0	101
638	5010001	88	347	1	10081#10026#10065#10014#10073	105	null	0	101
639	5010001	88	348	2	10081#10043#10082#10031#10060	105	null	0	101
640	5010001	88	349	3	10038#10013#10062#10074#10075	105	null	0	101
641	5010001	88	350	4	10043#10062#10041#10074#10004	105	null	0	101
642	5010001	86	351	1	10013#10081#10057#10059#10075	105	null	0	101
643	5010001	86	352	2	10044#10006#10074#10008#10021	105	null	0	101
644	5010001	86	353	3	10023#10037#10022#10074#10059	105	null	0	101
645	5010001	86	354	4	10062#10043#10020#10041#10057	105	null	0	101
646	5010001	86	355	5	10081#10062#10009#10014#10030	105	null	0	101
647	5010001	86	356	6	10026#10007#10045#10002#10069	105	null	0	101
648	5010001	86	357	1	10081#10026#10065#10014#10073	105	null	0	101
649	5010001	86	358	2	10081#10043#10082#10031#10060	105	null	0	101
650	5010001	86	359	3	10038#10013#10062#10074#10075	105	null	0	101
651	5010001	86	360	4	10043#10062#10041#10074#10004	105	null	0	101
652	5010001	86	361	1	10013#10081#10057#10059#10075	105	null	0	101
653	5010001	86	362	2	10044#10006#10074#10008#10021	105	null	0	101
654	5010001	86	363	3	10023#10037#10022#10074#10059	105	null	0	101
655	5010001	86	364	4	10062#10043#10020#10041#10057	105	null	0	101
656	5010001	86	365	5	10081#10062#10009#10014#10030	105	null	0	101
657	5010001	86	366	6	10026#10007#10045#10002#10069	105	null	0	101
658	5010001	86	367	1	10081#10026#10065#10014#10073	105	null	0	101
659	5010001	86	368	2	10081#10043#10082#10031#10060	105	null	0	101
660	5010001	86	369	3	10038#10013#10062#10074#10075	105	null	0	101
661	5010001	86	370	4	10043#10062#10041#10074#10004	100	null	0	101
662	5010001	86	371	1	10013#10081#10057#10059#10075	100	null	0	101
663	5010001	86	372	2	10044#10006#10074#10008#10021	100	null	0	101
664	5010001	86	373	3	10023#10037#10022#10074#10059	100	null	0	101
665	5010001	86	374	4	10062#10043#10020#10041#10057	100	null	0	101
666	5010001	86	375	5	10081#10062#10009#10014#10030	100	null	0	101
667	5010001	86	376	6	10026#10007#10045#10002#10069	100	null	0	101
668	5010001	86	377	1	10081#10026#10065#10014#10073	100	null	0	101
669	5010001	86	378	2	10081#10043#10082#10031#10060	100	null	0	101
670	5010001	86	379	3	10038#10013#10062#10074#10075	100	null	0	101
671	5010001	86	380	4	10043#10062#10041#10074#10004	100	null	0	101
672	5010001	86	381	1	10013#10081#10057#10059#10075	100	null	0	101
673	5010001	86	382	2	10044#10006#10074#10008#10021	100	null	0	101
674	5010001	86	383	3	10023#10037#10022#10074#10059	100	null	0	101
675	5010001	86	384	4	10062#10043#10020#10041#10057	100	null	0	101
676	5010001	86	385	5	10081#10062#10009#10014#10030	100	null	0	101
677	5010001	86	386	6	10026#10007#10045#10002#10069	100	null	0	101
678	5010001	86	387	1	10081#10026#10065#10014#10073	100	null	0	101
679	5010001	86	388	2	10081#10043#10082#10031#10060	100	null	0	101
680	5010001	86	389	3	10038#10013#10062#10074#10075	100	null	0	101
681	5010001	86	390	4	10043#10062#10041#10074#10004	100	null	0	101
682	5010001	86	391	1	10013#10081#10057#10059#10075	100	null	0	101
683	5010001	86	392	2	10044#10006#10074#10008#10021	100	null	0	101
684	5010001	86	393	3	10023#10037#10022#10074#10059	100	null	0	101
685	5010001	86	394	4	10062#10043#10020#10041#10057	100	null	0	101
686	5010001	86	395	5	10081#10062#10009#10014#10030	100	null	0	101
687	5010001	86	396	6	10026#10007#10045#10002#10069	100	null	0	101
688	5010001	86	397	1	10081#10026#10065#10014#10073	100	null	0	101
689	5010001	86	398	2	10081#10043#10082#10031#10060	100	null	0	101
690	5010001	86	399	3	10038#10013#10062#10074#10075	100	null	0	101
691	5010001	86	400	4	10043#10062#10041#10074#10004	100	null	0	101
692	5010001	84	401	1	10013#10081#10057#10059#10075	100	null	0	101
693	5010001	84	402	2	10044#10006#10074#10008#10021	100	null	0	101
694	5010001	84	403	3	10023#10037#10022#10074#10059	100	null	0	101
695	5010001	84	404	4	10062#10043#10020#10041#10057	100	null	0	101
696	5010001	84	405	5	10081#10062#10009#10014#10030	100	null	0	101
697	5010001	84	406	6	10026#10007#10045#10002#10069	100	null	0	101
698	5010001	84	407	1	10081#10026#10065#10014#10073	100	null	0	101
699	5010001	84	408	2	10081#10043#10082#10031#10060	100	null	0	101
700	5010001	84	409	3	10038#10013#10062#10074#10075	100	null	0	101
701	5010001	84	410	4	10043#10062#10041#10074#10004	100	null	0	101
702	5010001	84	411	1	10013#10081#10057#10059#10075	95	null	0	101
703	5010001	84	412	2	10044#10006#10074#10008#10021	95	null	0	101
704	5010001	84	413	3	10023#10037#10022#10074#10059	95	null	0	101
705	5010001	84	414	4	10062#10043#10020#10041#10057	95	null	0	101
706	5010001	84	415	5	10081#10062#10009#10014#10030	95	null	0	101
707	5010001	84	416	6	10026#10007#10045#10002#10069	95	null	0	101
708	5010001	84	417	1	10081#10026#10065#10014#10073	95	null	0	101
709	5010001	84	418	2	10081#10043#10082#10031#10060	95	null	0	101
710	5010001	84	419	3	10038#10013#10062#10074#10075	95	null	0	101
711	5010001	84	420	4	10043#10062#10041#10074#10004	95	null	0	101
712	5010001	84	421	1	10013#10081#10057#10059#10075	95	null	0	101
713	5010001	84	422	2	10044#10006#10074#10008#10021	95	null	0	101
714	5010001	84	423	3	10023#10037#10022#10074#10059	95	null	0	101
715	5010001	84	424	4	10062#10043#10020#10041#10057	95	null	0	101
716	5010001	84	425	5	10081#10062#10009#10014#10030	95	null	0	101
717	5010001	84	426	6	10026#10007#10045#10002#10069	95	null	0	101
718	5010001	84	427	1	10081#10026#10065#10014#10073	95	null	0	101
719	5010001	84	428	2	10081#10043#10082#10031#10060	95	null	0	101
720	5010001	84	429	3	10038#10013#10062#10074#10075	95	null	0	101
721	5010001	84	430	4	10043#10062#10041#10074#10004	95	null	0	101
722	5010001	84	431	1	10013#10081#10057#10059#10075	95	null	0	101
723	5010001	84	432	2	10044#10006#10074#10008#10021	95	null	0	101
724	5010001	84	433	3	10023#10037#10022#10074#10059	95	null	0	101
725	5010001	84	434	4	10062#10043#10020#10041#10057	95	null	0	101
726	5010001	84	435	5	10081#10062#10009#10014#10030	95	null	0	101
727	5010001	84	436	6	10026#10007#10045#10002#10069	95	null	0	101
728	5010001	84	437	1	10081#10026#10065#10014#10073	95	null	0	101
729	5010001	84	438	2	10081#10043#10082#10031#10060	95	null	0	101
730	5010001	84	439	3	10038#10013#10062#10074#10075	95	null	0	101
731	5010001	84	440	4	10043#10062#10041#10074#10004	95	null	0	101
732	5010001	84	441	1	10013#10081#10057#10059#10075	95	null	0	101
733	5010001	84	442	2	10044#10006#10074#10008#10021	95	null	0	101
734	5010001	84	443	3	10023#10037#10022#10074#10059	95	null	0	101
735	5010001	84	444	4	10062#10043#10020#10041#10057	95	null	0	101
736	5010001	84	445	5	10081#10062#10009#10014#10030	95	null	0	101
737	5010001	84	446	6	10026#10007#10045#10002#10069	95	null	0	101
738	5010001	84	447	1	10081#10026#10065#10014#10073	95	null	0	101
739	5010001	84	448	2	10081#10043#10082#10031#10060	95	null	0	101
740	5010001	84	449	3	10038#10013#10062#10074#10075	95	null	0	101
741	5010001	84	450	4	10043#10062#10041#10074#10004	95	null	0	101
742	5010001	82	451	1	10013#10081#10057#10059#10075	95	null	0	101
743	5010001	82	452	2	10044#10006#10074#10008#10021	90	null	0	101
744	5010001	82	453	3	10023#10037#10022#10074#10059	90	null	0	101
745	5010001	82	454	4	10062#10043#10020#10041#10057	90	null	0	101
746	5010001	82	455	5	10081#10062#10009#10014#10030	90	null	0	101
747	5010001	82	456	6	10026#10007#10045#10002#10069	90	null	0	101
748	5010001	82	457	1	10081#10026#10065#10014#10073	90	null	0	101
749	5010001	82	458	2	10081#10043#10082#10031#10060	90	null	0	101
750	5010001	82	459	3	10038#10013#10062#10074#10075	90	null	0	101
751	5010001	82	460	4	10043#10062#10041#10074#10004	90	null	0	101
752	5010001	82	461	1	10013#10081#10057#10059#10075	90	null	0	101
753	5010001	82	462	2	10044#10006#10074#10008#10021	90	null	0	101
754	5010001	82	463	3	10023#10037#10022#10074#10059	90	null	0	101
755	5010001	82	464	4	10062#10043#10020#10041#10057	90	null	0	101
756	5010001	82	465	5	10081#10062#10009#10014#10030	90	null	0	101
757	5010001	82	466	6	10026#10007#10045#10002#10069	90	null	0	101
758	5010001	82	467	1	10081#10026#10065#10014#10073	90	null	0	101
759	5010001	82	468	2	10081#10043#10082#10031#10060	90	null	0	101
760	5010001	82	469	3	10038#10013#10062#10074#10075	90	null	0	101
761	5010001	82	470	4	10043#10062#10041#10074#10004	90	null	0	101
762	5010001	82	471	1	10013#10081#10057#10059#10075	90	null	0	101
763	5010001	82	472	2	10044#10006#10074#10008#10021	90	null	0	101
764	5010001	82	473	3	10023#10037#10022#10074#10059	90	null	0	101
765	5010001	82	474	4	10062#10043#10020#10041#10057	90	null	0	101
766	5010001	82	475	5	10081#10062#10009#10014#10030	90	null	0	101
767	5010001	82	476	6	10026#10007#10045#10002#10069	90	null	0	101
768	5010001	82	477	1	10081#10026#10065#10014#10073	90	null	0	101
769	5010001	82	478	2	10081#10043#10082#10031#10060	90	null	0	101
770	5010001	82	479	3	10038#10013#10062#10074#10075	90	null	0	101
771	5010001	82	480	4	10043#10062#10041#10074#10004	90	null	0	101
772	5010001	82	481	1	10013#10081#10057#10059#10075	90	null	0	101
773	5010001	82	482	2	10044#10006#10074#10008#10021	90	null	0	101
774	5010001	82	483	3	10023#10037#10022#10074#10059	90	null	0	101
775	5010001	82	484	4	10062#10043#10020#10041#10057	90	null	0	101
776	5010001	82	485	5	10081#10062#10009#10014#10030	90	null	0	101
777	5010001	82	486	6	10026#10007#10045#10002#10069	90	null	0	101
778	5010001	82	487	1	10081#10026#10065#10014#10073	90	null	0	101
779	5010001	82	488	2	10081#10043#10082#10031#10060	90	null	0	101
780	5010001	82	489	3	10038#10013#10062#10074#10075	90	null	0	101
781	5010001	82	490	4	10043#10062#10041#10074#10004	90	null	0	101
782	5010001	82	491	1	10013#10081#10057#10059#10075	90	null	0	101
783	5010001	82	492	2	10044#10006#10074#10008#10021	90	null	0	101
784	5010001	82	493	3	10023#10037#10022#10074#10059	85	null	0	101
785	5010001	82	494	4	10062#10043#10020#10041#10057	85	null	0	101
786	5010001	82	495	5	10081#10062#10009#10014#10030	85	null	0	101
787	5010001	82	496	6	10026#10007#10045#10002#10069	85	null	0	101
788	5010001	82	497	1	10081#10026#10065#10014#10073	85	null	0	101
789	5010001	82	498	2	10081#10043#10082#10031#10060	85	null	0	101
790	5010001	82	499	3	10038#10013#10062#10074#10075	85	null	0	101
791	5010001	82	500	4	10043#10062#10041#10074#10004	85	null	0	101
792	5010001	80	501	1	10013#10081#10057#10059#10075	85	null	0	101
793	5010001	80	502	2	10044#10006#10074#10008#10021	85	null	0	101
794	5010001	80	503	3	10023#10037#10022#10074#10059	85	null	0	101
795	5010001	80	504	4	10062#10043#10020#10041#10057	85	null	0	101
796	5010001	80	505	5	10081#10062#10009#10014#10030	85	null	0	101
797	5010001	80	506	6	10026#10007#10045#10002#10069	85	null	0	101
798	5010001	80	507	1	10081#10026#10065#10014#10073	85	null	0	101
799	5010001	80	508	2	10081#10043#10082#10031#10060	85	null	0	101
800	5010001	80	509	3	10038#10013#10062#10074#10075	85	null	0	101
801	5010001	80	510	4	10043#10062#10041#10074#10004	85	null	0	101
802	5010001	80	511	1	10013#10081#10057#10059#10075	85	null	0	101
803	5010001	80	512	2	10044#10006#10074#10008#10021	85	null	0	101
804	5010001	80	513	3	10023#10037#10022#10074#10059	85	null	0	101
805	5010001	80	514	4	10062#10043#10020#10041#10057	85	null	0	101
806	5010001	80	515	5	10081#10062#10009#10014#10030	85	null	0	101
807	5010001	80	516	6	10026#10007#10045#10002#10069	85	null	0	101
808	5010001	80	517	1	10081#10026#10065#10014#10073	85	null	0	101
809	5010001	80	518	2	10081#10043#10082#10031#10060	85	null	0	101
810	5010001	80	519	3	10038#10013#10062#10074#10075	85	null	0	101
811	5010001	80	520	4	10043#10062#10041#10074#10004	85	null	0	101
812	5010001	80	521	1	10013#10081#10057#10059#10075	85	null	0	101
813	5010001	80	522	2	10044#10006#10074#10008#10021	85	null	0	101
814	5010001	80	523	3	10023#10037#10022#10074#10059	85	null	0	101
815	5010001	80	524	4	10062#10043#10020#10041#10057	85	null	0	101
816	5010001	80	525	5	10081#10062#10009#10014#10030	85	null	0	101
817	5010001	80	526	6	10026#10007#10045#10002#10069	85	null	0	101
818	5010001	80	527	1	10081#10026#10065#10014#10073	85	null	0	101
819	5010001	80	528	2	10081#10043#10082#10031#10060	85	null	0	101
820	5010001	80	529	3	10038#10013#10062#10074#10075	85	null	0	101
821	5010001	80	530	4	10043#10062#10041#10074#10004	85	null	0	101
822	5010001	80	531	1	10013#10081#10057#10059#10075	85	null	0	101
823	5010001	80	532	2	10044#10006#10074#10008#10021	85	null	0	101
824	5010001	80	533	3	10023#10037#10022#10074#10059	85	null	0	101
825	5010001	80	534	4	10062#10043#10020#10041#10057	80	null	0	101
826	5010001	80	535	5	10081#10062#10009#10014#10030	80	null	0	101
827	5010001	80	536	6	10026#10007#10045#10002#10069	80	null	0	101
828	5010001	80	537	1	10081#10026#10065#10014#10073	80	null	0	101
829	5010001	80	538	2	10081#10043#10082#10031#10060	80	null	0	101
830	5010001	80	539	3	10038#10013#10062#10074#10075	80	null	0	101
831	5010001	80	540	4	10043#10062#10041#10074#10004	80	null	0	101
832	5010001	80	541	1	10013#10081#10057#10059#10075	80	null	0	101
833	5010001	80	542	2	10044#10006#10074#10008#10021	80	null	0	101
834	5010001	80	543	3	10023#10037#10022#10074#10059	80	null	0	101
835	5010001	80	544	4	10062#10043#10020#10041#10057	80	null	0	101
836	5010001	80	545	5	10081#10062#10009#10014#10030	80	null	0	101
837	5010001	80	546	6	10026#10007#10045#10002#10069	80	null	0	101
838	5010001	80	547	1	10081#10026#10065#10014#10073	80	null	0	101
839	5010001	80	548	2	10081#10043#10082#10031#10060	80	null	0	101
840	5010001	80	549	3	10038#10013#10062#10074#10075	80	null	0	101
841	5010001	80	550	4	10043#10062#10041#10074#10004	80	null	0	101
842	5010001	78	551	1	10013#10081#10057#10059#10075	80	null	0	101
843	5010001	78	552	2	10044#10006#10074#10008#10021	80	null	0	101
844	5010001	78	553	3	10023#10037#10022#10074#10059	80	null	0	101
845	5010001	78	554	4	10062#10043#10020#10041#10057	80	null	0	101
846	5010001	78	555	5	10081#10062#10009#10014#10030	80	null	0	101
847	5010001	78	556	6	10026#10007#10045#10002#10069	80	null	0	101
848	5010001	78	557	1	10081#10026#10065#10014#10073	80	null	0	101
849	5010001	78	558	2	10081#10043#10082#10031#10060	80	null	0	101
850	5010001	78	559	3	10038#10013#10062#10074#10075	80	null	0	101
851	5010001	78	560	4	10043#10062#10041#10074#10004	80	null	0	101
852	5010001	78	561	1	10013#10081#10057#10059#10075	80	null	0	101
853	5010001	78	562	2	10044#10006#10074#10008#10021	80	null	0	101
854	5010001	78	563	3	10023#10037#10022#10074#10059	80	null	0	101
855	5010001	78	564	4	10062#10043#10020#10041#10057	80	null	0	101
856	5010001	78	565	5	10081#10062#10009#10014#10030	80	null	0	101
857	5010001	78	566	6	10026#10007#10045#10002#10069	80	null	0	101
858	5010001	78	567	1	10081#10026#10065#10014#10073	80	null	0	101
859	5010001	78	568	2	10081#10043#10082#10031#10060	80	null	0	101
860	5010001	78	569	3	10038#10013#10062#10074#10075	80	null	0	101
861	5010001	78	570	4	10043#10062#10041#10074#10004	80	null	0	101
862	5010001	78	571	1	10013#10081#10057#10059#10075	80	null	0	101
863	5010001	78	572	2	10044#10006#10074#10008#10021	80	null	0	101
864	5010001	78	573	3	10023#10037#10022#10074#10059	80	null	0	101
865	5010001	78	574	4	10062#10043#10020#10041#10057	80	null	0	101
866	5010001	78	575	5	10081#10062#10009#10014#10030	75	null	0	101
867	5010001	78	576	6	10026#10007#10045#10002#10069	75	null	0	101
868	5010001	78	577	1	10081#10026#10065#10014#10073	75	null	0	101
869	5010001	78	578	2	10081#10043#10082#10031#10060	75	null	0	101
870	5010001	78	579	3	10038#10013#10062#10074#10075	75	null	0	101
871	5010001	78	580	4	10043#10062#10041#10074#10004	75	null	0	101
872	5010001	78	581	1	10013#10081#10057#10059#10075	75	null	0	101
873	5010001	78	582	2	10044#10006#10074#10008#10021	75	null	0	101
874	5010001	78	583	3	10023#10037#10022#10074#10059	75	null	0	101
875	5010001	78	584	4	10062#10043#10020#10041#10057	75	null	0	101
876	5010001	78	585	5	10081#10062#10009#10014#10030	75	null	0	101
877	5010001	78	586	6	10026#10007#10045#10002#10069	75	null	0	101
878	5010001	78	587	1	10081#10026#10065#10014#10073	75	null	0	101
879	5010001	78	588	2	10081#10043#10082#10031#10060	75	null	0	101
880	5010001	78	589	3	10038#10013#10062#10074#10075	75	null	0	101
881	5010001	78	590	4	10043#10062#10041#10074#10004	75	null	0	101
882	5010001	78	591	1	10013#10081#10057#10059#10075	75	null	0	101
883	5010001	78	592	2	10044#10006#10074#10008#10021	75	null	0	101
884	5010001	78	593	3	10023#10037#10022#10074#10059	75	null	0	101
885	5010001	78	594	4	10062#10043#10020#10041#10057	75	null	0	101
886	5010001	78	595	5	10081#10062#10009#10014#10030	75	null	0	101
887	5010001	78	596	6	10026#10007#10045#10002#10069	75	null	0	101
888	5010001	78	597	1	10081#10026#10065#10014#10073	75	null	0	101
889	5010001	78	598	2	10081#10043#10082#10031#10060	75	null	0	101
890	5010001	78	599	3	10038#10013#10062#10074#10075	75	null	0	101
891	5010001	78	600	4	10043#10062#10041#10074#10004	75	null	0	101
892	5010001	76	601	1	10013#10081#10057#10059#10075	75	null	0	101
893	5010001	76	602	2	10044#10006#10074#10008#10021	75	null	0	101
894	5010001	76	603	3	10023#10037#10022#10074#10059	75	null	0	101
895	5010001	76	604	4	10062#10043#10020#10041#10057	75	null	0	101
896	5010001	76	605	5	10081#10062#10009#10014#10030	75	null	0	101
897	5010001	76	606	6	10026#10007#10045#10002#10069	75	null	0	101
898	5010001	76	607	1	10081#10026#10065#10014#10073	75	null	0	101
899	5010001	76	608	2	10081#10043#10082#10031#10060	75	null	0	101
900	5010001	76	609	3	10038#10013#10062#10074#10075	75	null	0	101
901	5010001	76	610	4	10043#10062#10041#10074#10004	75	null	0	101
902	5010001	76	611	1	10013#10081#10057#10059#10075	75	null	0	101
903	5010001	76	612	2	10044#10006#10074#10008#10021	75	null	0	101
904	5010001	76	613	3	10023#10037#10022#10074#10059	75	null	0	101
905	5010001	76	614	4	10062#10043#10020#10041#10057	75	null	0	101
906	5010001	76	615	5	10081#10062#10009#10014#10030	75	null	0	101
907	5010001	76	616	6	10026#10007#10045#10002#10069	70	null	0	101
908	5010001	76	617	1	10081#10026#10065#10014#10073	70	null	0	101
909	5010001	76	618	2	10081#10043#10082#10031#10060	70	null	0	101
910	5010001	76	619	3	10038#10013#10062#10074#10075	70	null	0	101
911	5010001	76	620	4	10043#10062#10041#10074#10004	70	null	0	101
912	5010001	76	621	1	10013#10081#10057#10059#10075	70	null	0	101
913	5010001	76	622	2	10044#10006#10074#10008#10021	70	null	0	101
914	5010001	76	623	3	10023#10037#10022#10074#10059	70	null	0	101
915	5010001	76	624	4	10062#10043#10020#10041#10057	70	null	0	101
916	5010001	76	625	5	10081#10062#10009#10014#10030	70	null	0	101
917	5010001	76	626	6	10026#10007#10045#10002#10069	70	null	0	101
918	5010001	76	627	1	10081#10026#10065#10014#10073	70	null	0	101
919	5010001	76	628	2	10081#10043#10082#10031#10060	70	null	0	101
920	5010001	76	629	3	10038#10013#10062#10074#10075	70	null	0	101
921	5010001	76	630	4	10043#10062#10041#10074#10004	70	null	0	101
922	5010001	76	631	1	10013#10081#10057#10059#10075	70	null	0	101
923	5010001	76	632	2	10044#10006#10074#10008#10021	70	null	0	101
924	5010001	76	633	3	10023#10037#10022#10074#10059	70	null	0	101
925	5010001	76	634	4	10062#10043#10020#10041#10057	70	null	0	101
926	5010001	76	635	5	10081#10062#10009#10014#10030	70	null	0	101
927	5010001	76	636	6	10026#10007#10045#10002#10069	70	null	0	101
928	5010001	76	637	1	10081#10026#10065#10014#10073	70	null	0	101
929	5010001	76	638	2	10081#10043#10082#10031#10060	70	null	0	101
930	5010001	76	639	3	10038#10013#10062#10074#10075	70	null	0	101
931	5010001	76	640	4	10043#10062#10041#10074#10004	70	null	0	101
932	5010001	76	641	1	10013#10081#10057#10059#10075	70	null	0	101
933	5010001	76	642	2	10044#10006#10074#10008#10021	70	null	0	101
934	5010001	76	643	3	10023#10037#10022#10074#10059	70	null	0	101
935	5010001	76	644	4	10062#10043#10020#10041#10057	70	null	0	101
936	5010001	76	645	5	10081#10062#10009#10014#10030	70	null	0	101
937	5010001	76	646	6	10026#10007#10045#10002#10069	70	null	0	101
938	5010001	76	647	1	10081#10026#10065#10014#10073	70	null	0	101
939	5010001	76	648	2	10081#10043#10082#10031#10060	70	null	0	101
940	5010001	76	649	3	10038#10013#10062#10074#10075	70	null	0	101
941	5010001	76	650	4	10043#10062#10041#10074#10004	70	null	0	101
942	5010001	74	651	1	10013#10081#10057#10059#10075	70	null	0	101
943	5010001	74	652	2	10044#10006#10074#10008#10021	70	null	0	101
944	5010001	74	653	3	10023#10037#10022#10074#10059	70	null	0	101
945	5010001	74	654	4	10062#10043#10020#10041#10057	70	null	0	101
946	5010001	74	655	5	10081#10062#10009#10014#10030	70	null	0	101
947	5010001	74	656	6	10026#10007#10045#10002#10069	70	null	0	101
948	5010001	74	657	1	10081#10026#10065#10014#10073	65	null	0	101
949	5010001	74	658	2	10081#10043#10082#10031#10060	65	null	0	101
950	5010001	74	659	3	10038#10013#10062#10074#10075	65	null	0	101
951	5010001	74	660	4	10043#10062#10041#10074#10004	65	null	0	101
952	5010001	74	661	1	10013#10081#10057#10059#10075	65	null	0	101
953	5010001	74	662	2	10044#10006#10074#10008#10021	65	null	0	101
954	5010001	74	663	3	10023#10037#10022#10074#10059	65	null	0	101
955	5010001	74	664	4	10062#10043#10020#10041#10057	65	null	0	101
956	5010001	74	665	5	10081#10062#10009#10014#10030	65	null	0	101
957	5010001	74	666	6	10026#10007#10045#10002#10069	65	null	0	101
958	5010001	74	667	1	10081#10026#10065#10014#10073	65	null	0	101
959	5010001	74	668	2	10081#10043#10082#10031#10060	65	null	0	101
960	5010001	74	669	3	10038#10013#10062#10074#10075	65	null	0	101
961	5010001	74	670	4	10043#10062#10041#10074#10004	65	null	0	101
962	5010001	74	671	1	10013#10081#10057#10059#10075	65	null	0	101
963	5010001	74	672	2	10044#10006#10074#10008#10021	65	null	0	101
964	5010001	74	673	3	10023#10037#10022#10074#10059	65	null	0	101
965	5010001	74	674	4	10062#10043#10020#10041#10057	65	null	0	101
966	5010001	74	675	5	10081#10062#10009#10014#10030	65	null	0	101
967	5010001	74	676	6	10026#10007#10045#10002#10069	65	null	0	101
968	5010001	74	677	1	10081#10026#10065#10014#10073	65	null	0	101
969	5010001	74	678	2	10081#10043#10082#10031#10060	65	null	0	101
970	5010001	74	679	3	10038#10013#10062#10074#10075	65	null	0	101
971	5010001	74	680	4	10043#10062#10041#10074#10004	65	null	0	101
972	5010001	74	681	1	10013#10081#10057#10059#10075	65	null	0	101
973	5010001	74	682	2	10044#10006#10074#10008#10021	65	null	0	101
974	5010001	74	683	3	10023#10037#10022#10074#10059	65	null	0	101
975	5010001	74	684	4	10062#10043#10020#10041#10057	65	null	0	101
976	5010001	74	685	5	10081#10062#10009#10014#10030	65	null	0	101
977	5010001	74	686	6	10026#10007#10045#10002#10069	65	null	0	101
978	5010001	74	687	1	10081#10026#10065#10014#10073	65	null	0	101
979	5010001	74	688	2	10081#10043#10082#10031#10060	65	null	0	101
980	5010001	74	689	3	10038#10013#10062#10074#10075	65	null	0	101
981	5010001	74	690	4	10043#10062#10041#10074#10004	65	null	0	101
982	5010001	74	691	1	10013#10081#10057#10059#10075	65	null	0	101
983	5010001	74	692	2	10044#10006#10074#10008#10021	65	null	0	101
984	5010001	74	693	3	10023#10037#10022#10074#10059	65	null	0	101
985	5010001	74	694	4	10062#10043#10020#10041#10057	65	null	0	101
986	5010001	74	695	5	10081#10062#10009#10014#10030	65	null	0	101
987	5010001	74	696	6	10026#10007#10045#10002#10069	65	null	0	101
988	5010001	74	697	1	10081#10026#10065#10014#10073	65	null	0	101
989	5010001	74	698	2	10081#10043#10082#10031#10060	60	null	0	101
990	5010001	74	699	3	10038#10013#10062#10074#10075	60	null	0	101
991	5010001	74	700	4	10043#10062#10041#10074#10004	60	null	0	101
992	5010001	72	701	1	10013#10081#10057#10059#10075	60	null	0	101
993	5010001	72	702	2	10044#10006#10074#10008#10021	60	null	0	101
994	5010001	72	703	3	10023#10037#10022#10074#10059	60	null	0	101
995	5010001	72	704	4	10062#10043#10020#10041#10057	60	null	0	101
996	5010001	72	705	5	10081#10062#10009#10014#10030	60	null	0	101
997	5010001	72	706	6	10026#10007#10045#10002#10069	60	null	0	101
998	5010001	72	707	1	10081#10026#10065#10014#10073	60	null	0	101
999	5010001	72	708	2	10081#10043#10082#10031#10060	60	null	0	101
1000	5010001	72	709	3	10038#10013#10062#10074#10075	60	null	0	101
1001	5010001	72	710	4	10043#10062#10041#10074#10004	60	null	0	101
1002	5010001	72	711	1	10013#10081#10057#10059#10075	60	null	0	101
1003	5010001	72	712	2	10044#10006#10074#10008#10021	60	null	0	101
1004	5010001	72	713	3	10023#10037#10022#10074#10059	60	null	0	101
1005	5010001	72	714	4	10062#10043#10020#10041#10057	60	null	0	101
1006	5010001	72	715	5	10081#10062#10009#10014#10030	60	null	0	101
1007	5010001	72	716	6	10026#10007#10045#10002#10069	60	null	0	101
1008	5010001	72	717	1	10081#10026#10065#10014#10073	60	null	0	101
1009	5010001	72	718	2	10081#10043#10082#10031#10060	60	null	0	101
1010	5010001	72	719	3	10038#10013#10062#10074#10075	60	null	0	101
1011	5010001	72	720	4	10043#10062#10041#10074#10004	60	null	0	101
1012	5010001	72	721	1	10013#10081#10057#10059#10075	60	null	0	101
1013	5010001	72	722	2	10044#10006#10074#10008#10021	60	null	0	101
1014	5010001	72	723	3	10023#10037#10022#10074#10059	60	null	0	101
1015	5010001	72	724	4	10062#10043#10020#10041#10057	60	null	0	101
1016	5010001	72	725	5	10081#10062#10009#10014#10030	60	null	0	101
1017	5010001	72	726	6	10026#10007#10045#10002#10069	60	null	0	101
1018	5010001	72	727	1	10081#10026#10065#10014#10073	60	null	0	101
1019	5010001	72	728	2	10081#10043#10082#10031#10060	60	null	0	101
1020	5010001	72	729	3	10038#10013#10062#10074#10075	60	null	0	101
1021	5010001	72	730	4	10043#10062#10041#10074#10004	60	null	0	101
1022	5010001	72	731	1	10013#10081#10057#10059#10075	60	null	0	101
1023	5010001	72	732	2	10044#10006#10074#10008#10021	60	null	0	101
1024	5010001	72	733	3	10023#10037#10022#10074#10059	60	null	0	101
1025	5010001	72	734	4	10062#10043#10020#10041#10057	60	null	0	101
1026	5010001	72	735	5	10081#10062#10009#10014#10030	60	null	0	101
1027	5010001	72	736	6	10026#10007#10045#10002#10069	60	null	0	101
1028	5010001	72	737	1	10081#10026#10065#10014#10073	60	null	0	101
1029	5010001	72	738	2	10081#10043#10082#10031#10060	60	null	0	101
1030	5010001	72	739	3	10038#10013#10062#10074#10075	55	null	0	101
1031	5010001	72	740	4	10043#10062#10041#10074#10004	55	null	0	101
1032	5010001	72	741	1	10013#10081#10057#10059#10075	55	null	0	101
1033	5010001	72	742	2	10044#10006#10074#10008#10021	55	null	0	101
1034	5010001	72	743	3	10023#10037#10022#10074#10059	55	null	0	101
1035	5010001	72	744	4	10062#10043#10020#10041#10057	55	null	0	101
1036	5010001	72	745	5	10081#10062#10009#10014#10030	55	null	0	101
1037	5010001	72	746	6	10026#10007#10045#10002#10069	55	null	0	101
1038	5010001	72	747	1	10081#10026#10065#10014#10073	55	null	0	101
1039	5010001	72	748	2	10081#10043#10082#10031#10060	55	null	0	101
1040	5010001	72	749	3	10038#10013#10062#10074#10075	55	null	0	101
1041	5010001	72	750	4	10043#10062#10041#10074#10004	55	null	0	101
1042	5010001	70	751	1	10013#10081#10057#10059#10075	55	null	0	101
1043	5010001	70	752	2	10044#10006#10074#10008#10021	55	null	0	101
1044	5010001	70	753	3	10023#10037#10022#10074#10059	55	null	0	101
1045	5010001	70	754	4	10062#10043#10020#10041#10057	55	null	0	101
1046	5010001	70	755	5	10081#10062#10009#10014#10030	55	null	0	101
1047	5010001	70	756	6	10026#10007#10045#10002#10069	55	null	0	101
1048	5010001	70	757	1	10081#10026#10065#10014#10073	55	null	0	101
1049	5010001	70	758	2	10081#10043#10082#10031#10060	55	null	0	101
1050	5010001	70	759	3	10038#10013#10062#10074#10075	55	null	0	101
1051	5010001	70	760	4	10043#10062#10041#10074#10004	55	null	0	101
1052	5010001	70	761	1	10013#10081#10057#10059#10075	55	null	0	101
1053	5010001	70	762	2	10044#10006#10074#10008#10021	55	null	0	101
1054	5010001	70	763	3	10023#10037#10022#10074#10059	55	null	0	101
1055	5010001	70	764	4	10062#10043#10020#10041#10057	55	null	0	101
1056	5010001	70	765	5	10081#10062#10009#10014#10030	55	null	0	101
1057	5010001	70	766	6	10026#10007#10045#10002#10069	55	null	0	101
1058	5010001	70	767	1	10081#10026#10065#10014#10073	55	null	0	101
1059	5010001	70	768	2	10081#10043#10082#10031#10060	55	null	0	101
1060	5010001	70	769	3	10038#10013#10062#10074#10075	55	null	0	101
1061	5010001	70	770	4	10043#10062#10041#10074#10004	55	null	0	101
1062	5010001	70	771	1	10013#10081#10057#10059#10075	55	null	0	101
1063	5010001	70	772	2	10044#10006#10074#10008#10021	55	null	0	101
1064	5010001	70	773	3	10023#10037#10022#10074#10059	55	null	0	101
1065	5010001	70	774	4	10062#10043#10020#10041#10057	55	null	0	101
1066	5010001	70	775	5	10081#10062#10009#10014#10030	55	null	0	101
1067	5010001	70	776	6	10026#10007#10045#10002#10069	55	null	0	101
1068	5010001	70	777	1	10081#10026#10065#10014#10073	55	null	0	101
1069	5010001	70	778	2	10081#10043#10082#10031#10060	55	null	0	101
1070	5010001	70	779	3	10038#10013#10062#10074#10075	55	null	0	101
1071	5010001	70	780	4	10043#10062#10041#10074#10004	50	null	0	101
1072	5010001	70	781	1	10013#10081#10057#10059#10075	50	null	0	101
1073	5010001	70	782	2	10044#10006#10074#10008#10021	50	null	0	101
1074	5010001	70	783	3	10023#10037#10022#10074#10059	50	null	0	101
1075	5010001	70	784	4	10062#10043#10020#10041#10057	50	null	0	101
1076	5010001	70	785	5	10081#10062#10009#10014#10030	50	null	0	101
1077	5010001	70	786	6	10026#10007#10045#10002#10069	50	null	0	101
1078	5010001	70	787	1	10081#10026#10065#10014#10073	50	null	0	101
1079	5010001	70	788	2	10081#10043#10082#10031#10060	50	null	0	101
1080	5010001	70	789	3	10038#10013#10062#10074#10075	50	null	0	101
1081	5010001	70	790	4	10043#10062#10041#10074#10004	50	null	0	101
1082	5010001	70	791	1	10013#10081#10057#10059#10075	50	null	0	101
1083	5010001	70	792	2	10044#10006#10074#10008#10021	50	null	0	101
1084	5010001	70	793	3	10023#10037#10022#10074#10059	50	null	0	101
1085	5010001	70	794	4	10062#10043#10020#10041#10057	50	null	0	101
1086	5010001	70	795	5	10081#10062#10009#10014#10030	50	null	0	101
1087	5010001	70	796	6	10026#10007#10045#10002#10069	50	null	0	101
1088	5010001	70	797	1	10081#10026#10065#10014#10073	50	null	0	101
1089	5010001	70	798	2	10081#10043#10082#10031#10060	50	null	0	101
1090	5010001	70	799	3	10038#10013#10062#10074#10075	50	null	0	101
1091	5010001	70	800	4	10043#10062#10041#10074#10004	50	null	0	101
1092	5010001	68	801	1	10013#10081#10057#10059#10075	50	null	0	101
1093	5010001	68	802	2	10044#10006#10074#10008#10021	50	null	0	101
1094	5010001	68	803	3	10023#10037#10022#10074#10059	50	null	0	101
1095	5010001	68	804	4	10062#10043#10020#10041#10057	50	null	0	101
1096	5010001	68	805	5	10081#10062#10009#10014#10030	50	null	0	101
1097	5010001	68	806	6	10026#10007#10045#10002#10069	50	null	0	101
1098	5010001	68	807	1	10081#10026#10065#10014#10073	50	null	0	101
1099	5010001	68	808	2	10081#10043#10082#10031#10060	50	null	0	101
1100	5010001	68	809	3	10038#10013#10062#10074#10075	50	null	0	101
1101	5010001	68	810	4	10043#10062#10041#10074#10004	50	null	0	101
1102	5010001	68	811	1	10013#10081#10057#10059#10075	50	null	0	101
1103	5010001	68	812	2	10044#10006#10074#10008#10021	50	null	0	101
1104	5010001	68	813	3	10023#10037#10022#10074#10059	50	null	0	101
1105	5010001	68	814	4	10062#10043#10020#10041#10057	50	null	0	101
1106	5010001	68	815	5	10081#10062#10009#10014#10030	50	null	0	101
1107	5010001	68	816	6	10026#10007#10045#10002#10069	50	null	0	101
1108	5010001	68	817	1	10081#10026#10065#10014#10073	50	null	0	101
1109	5010001	68	818	2	10081#10043#10082#10031#10060	50	null	0	101
1110	5010001	68	819	3	10038#10013#10062#10074#10075	50	null	0	101
1111	5010001	68	820	4	10043#10062#10041#10074#10004	50	null	0	101
1112	5010001	68	821	1	10013#10081#10057#10059#10075	45	null	0	101
1113	5010001	68	822	2	10044#10006#10074#10008#10021	45	null	0	101
1114	5010001	68	823	3	10023#10037#10022#10074#10059	45	null	0	101
1115	5010001	68	824	4	10062#10043#10020#10041#10057	45	null	0	101
1116	5010001	68	825	5	10081#10062#10009#10014#10030	45	null	0	101
1117	5010001	68	826	6	10026#10007#10045#10002#10069	45	null	0	101
1118	5010001	68	827	1	10081#10026#10065#10014#10073	45	null	0	101
1119	5010001	68	828	2	10081#10043#10082#10031#10060	45	null	0	101
1120	5010001	68	829	3	10038#10013#10062#10074#10075	45	null	0	101
1121	5010001	68	830	4	10043#10062#10041#10074#10004	45	null	0	101
1122	5010001	68	831	1	10013#10081#10057#10059#10075	45	null	0	101
1123	5010001	68	832	2	10044#10006#10074#10008#10021	45	null	0	101
1124	5010001	68	833	3	10023#10037#10022#10074#10059	45	null	0	101
1125	5010001	68	834	4	10062#10043#10020#10041#10057	45	null	0	101
1126	5010001	68	835	5	10081#10062#10009#10014#10030	45	null	0	101
1127	5010001	68	836	6	10026#10007#10045#10002#10069	45	null	0	101
1128	5010001	68	837	1	10081#10026#10065#10014#10073	45	null	0	101
1129	5010001	68	838	2	10081#10043#10082#10031#10060	45	null	0	101
1130	5010001	68	839	3	10038#10013#10062#10074#10075	45	null	0	101
1131	5010001	68	840	4	10043#10062#10041#10074#10004	45	null	0	101
1132	5010001	68	841	1	10013#10081#10057#10059#10075	45	null	0	101
1133	5010001	68	842	2	10044#10006#10074#10008#10021	45	null	0	101
1134	5010001	68	843	3	10023#10037#10022#10074#10059	45	null	0	101
1135	5010001	68	844	4	10062#10043#10020#10041#10057	45	null	0	101
1136	5010001	68	845	5	10081#10062#10009#10014#10030	45	null	0	101
1137	5010001	68	846	6	10026#10007#10045#10002#10069	45	null	0	101
1138	5010001	68	847	1	10081#10026#10065#10014#10073	45	null	0	101
1139	5010001	68	848	2	10081#10043#10082#10031#10060	45	null	0	101
1140	5010001	68	849	3	10038#10013#10062#10074#10075	45	null	0	101
1141	5010001	68	850	4	10043#10062#10041#10074#10004	45	null	0	101
1142	5010001	66	851	1	10013#10081#10057#10059#10075	45	null	0	101
1143	5010001	66	852	2	10044#10006#10074#10008#10021	45	null	0	101
1144	5010001	66	853	3	10023#10037#10022#10074#10059	45	null	0	101
1145	5010001	66	854	4	10062#10043#10020#10041#10057	45	null	0	101
1146	5010001	66	855	5	10081#10062#10009#10014#10030	45	null	0	101
1147	5010001	66	856	6	10026#10007#10045#10002#10069	45	null	0	101
1148	5010001	66	857	1	10081#10026#10065#10014#10073	45	null	0	101
1149	5010001	66	858	2	10081#10043#10082#10031#10060	45	null	0	101
1150	5010001	66	859	3	10038#10013#10062#10074#10075	45	null	0	101
1151	5010001	66	860	4	10043#10062#10041#10074#10004	45	null	0	101
1152	5010001	66	861	1	10013#10081#10057#10059#10075	45	null	0	101
1153	5010001	66	862	2	10044#10006#10074#10008#10021	40	null	0	101
1154	5010001	66	863	3	10023#10037#10022#10074#10059	40	null	0	101
1155	5010001	66	864	4	10062#10043#10020#10041#10057	40	null	0	101
1156	5010001	66	865	5	10081#10062#10009#10014#10030	40	null	0	101
1157	5010001	66	866	6	10026#10007#10045#10002#10069	40	null	0	101
1158	5010001	66	867	1	10081#10026#10065#10014#10073	40	null	0	101
1159	5010001	66	868	2	10081#10043#10082#10031#10060	40	null	0	101
1160	5010001	66	869	3	10038#10013#10062#10074#10075	40	null	0	101
1161	5010001	66	870	4	10043#10062#10041#10074#10004	40	null	0	101
1162	5010001	66	871	1	10013#10081#10057#10059#10075	40	null	0	101
1163	5010001	66	872	2	10044#10006#10074#10008#10021	40	null	0	101
1164	5010001	66	873	3	10023#10037#10022#10074#10059	40	null	0	101
1165	5010001	66	874	4	10062#10043#10020#10041#10057	40	null	0	101
1166	5010001	66	875	5	10081#10062#10009#10014#10030	40	null	0	101
1167	5010001	66	876	6	10026#10007#10045#10002#10069	40	null	0	101
1168	5010001	66	877	1	10081#10026#10065#10014#10073	40	null	0	101
1169	5010001	66	878	2	10081#10043#10082#10031#10060	40	null	0	101
1170	5010001	66	879	3	10038#10013#10062#10074#10075	40	null	0	101
1171	5010001	66	880	4	10043#10062#10041#10074#10004	40	null	0	101
1172	5010001	66	881	1	10013#10081#10057#10059#10075	40	null	0	101
1173	5010001	66	882	2	10044#10006#10074#10008#10021	40	null	0	101
1174	5010001	66	883	3	10023#10037#10022#10074#10059	40	null	0	101
1175	5010001	66	884	4	10062#10043#10020#10041#10057	40	null	0	101
1176	5010001	66	885	5	10081#10062#10009#10014#10030	40	null	0	101
1177	5010001	66	886	6	10026#10007#10045#10002#10069	40	null	0	101
1178	5010001	66	887	1	10081#10026#10065#10014#10073	40	null	0	101
1179	5010001	66	888	2	10081#10043#10082#10031#10060	40	null	0	101
1180	5010001	66	889	3	10038#10013#10062#10074#10075	40	null	0	101
1181	5010001	66	890	4	10043#10062#10041#10074#10004	40	null	0	101
1182	5010001	66	891	1	10013#10081#10057#10059#10075	40	null	0	101
1183	5010001	66	892	2	10044#10006#10074#10008#10021	40	null	0	101
1184	5010001	66	893	3	10023#10037#10022#10074#10059	40	null	0	101
1185	5010001	66	894	4	10062#10043#10020#10041#10057	40	null	0	101
1186	5010001	66	895	5	10081#10062#10009#10014#10030	40	null	0	101
1187	5010001	66	896	6	10026#10007#10045#10002#10069	40	null	0	101
1188	5010001	66	897	1	10081#10026#10065#10014#10073	40	null	0	101
1189	5010001	66	898	2	10081#10043#10082#10031#10060	40	null	0	101
1190	5010001	66	899	3	10038#10013#10062#10074#10075	40	null	0	101
1191	5010001	66	900	4	10043#10062#10041#10074#10004	40	null	0	101
1192	5010001	64	901	1	10013#10081#10057#10059#10075	40	null	0	101
1193	5010001	64	902	2	10044#10006#10074#10008#10021	40	null	0	101
1194	5010001	64	903	3	10023#10037#10022#10074#10059	35	null	0	101
1195	5010001	64	904	4	10062#10043#10020#10041#10057	35	null	0	101
1196	5010001	64	905	5	10081#10062#10009#10014#10030	35	null	0	101
1197	5010001	64	906	6	10026#10007#10045#10002#10069	35	null	0	101
1198	5010001	64	907	1	10081#10026#10065#10014#10073	35	null	0	101
1199	5010001	64	908	2	10081#10043#10082#10031#10060	35	null	0	101
1200	5010001	64	909	3	10038#10013#10062#10074#10075	35	null	0	101
1201	5010001	64	910	4	10043#10062#10041#10074#10004	35	null	0	101
1202	5010001	64	911	1	10013#10081#10057#10059#10075	35	null	0	101
1203	5010001	64	912	2	10044#10006#10074#10008#10021	35	null	0	101
1204	5010001	64	913	3	10023#10037#10022#10074#10059	35	null	0	101
1205	5010001	64	914	4	10062#10043#10020#10041#10057	35	null	0	101
1206	5010001	64	915	5	10081#10062#10009#10014#10030	35	null	0	101
1207	5010001	64	916	6	10026#10007#10045#10002#10069	35	null	0	101
1208	5010001	64	917	1	10081#10026#10065#10014#10073	35	null	0	101
1209	5010001	64	918	2	10081#10043#10082#10031#10060	35	null	0	101
1210	5010001	64	919	3	10038#10013#10062#10074#10075	35	null	0	101
1211	5010001	64	920	4	10043#10062#10041#10074#10004	35	null	0	101
1212	5010001	64	921	1	10013#10081#10057#10059#10075	35	null	0	101
1213	5010001	64	922	2	10044#10006#10074#10008#10021	35	null	0	101
1214	5010001	64	923	3	10023#10037#10022#10074#10059	35	null	0	101
1215	5010001	64	924	4	10062#10043#10020#10041#10057	35	null	0	101
1216	5010001	64	925	5	10081#10062#10009#10014#10030	35	null	0	101
1217	5010001	64	926	6	10026#10007#10045#10002#10069	35	null	0	101
1218	5010001	64	927	1	10081#10026#10065#10014#10073	35	null	0	101
1219	5010001	64	928	2	10081#10043#10082#10031#10060	35	null	0	101
1220	5010001	64	929	3	10038#10013#10062#10074#10075	35	null	0	101
1221	5010001	64	930	4	10043#10062#10041#10074#10004	35	null	0	101
1222	5010001	64	931	1	10013#10081#10057#10059#10075	35	null	0	101
1223	5010001	64	932	2	10044#10006#10074#10008#10021	35	null	0	101
1224	5010001	64	933	3	10023#10037#10022#10074#10059	35	null	0	101
1225	5010001	64	934	4	10062#10043#10020#10041#10057	35	null	0	101
1226	5010001	64	935	5	10081#10062#10009#10014#10030	35	null	0	101
1227	5010001	64	936	6	10026#10007#10045#10002#10069	35	null	0	101
1228	5010001	64	937	1	10081#10026#10065#10014#10073	35	null	0	101
1229	5010001	64	938	2	10081#10043#10082#10031#10060	35	null	0	101
1230	5010001	64	939	3	10038#10013#10062#10074#10075	35	null	0	101
1231	5010001	64	940	4	10043#10062#10041#10074#10004	35	null	0	101
1232	5010001	64	941	1	10013#10081#10057#10059#10075	35	null	0	101
1233	5010001	64	942	2	10044#10006#10074#10008#10021	35	null	0	101
1234	5010001	64	943	3	10023#10037#10022#10074#10059	35	null	0	101
1235	5010001	64	944	4	10062#10043#10020#10041#10057	30	null	0	101
1236	5010001	64	945	5	10081#10062#10009#10014#10030	30	null	0	101
1237	5010001	64	946	6	10026#10007#10045#10002#10069	30	null	0	101
1238	5010001	64	947	1	10081#10026#10065#10014#10073	30	null	0	101
1239	5010001	64	948	2	10081#10043#10082#10031#10060	30	null	0	101
1240	5010001	64	949	3	10038#10013#10062#10074#10075	30	null	0	101
1241	5010001	64	950	4	10043#10062#10041#10074#10004	30	null	0	101
1242	5010001	62	951	1	10013#10081#10057#10059#10075	30	null	0	101
1243	5010001	62	952	2	10044#10006#10074#10008#10021	30	null	0	101
1244	5010001	62	953	3	10023#10037#10022#10074#10059	30	null	0	101
1245	5010001	62	954	4	10062#10043#10020#10041#10057	30	null	0	101
1246	5010001	62	955	5	10081#10062#10009#10014#10030	30	null	0	101
1247	5010001	62	956	6	10026#10007#10045#10002#10069	30	null	0	101
1248	5010001	62	957	1	10081#10026#10065#10014#10073	30	null	0	101
1249	5010001	62	958	2	10081#10043#10082#10031#10060	30	null	0	101
1250	5010001	62	959	3	10038#10013#10062#10074#10075	30	null	0	101
1251	5010001	62	960	4	10043#10062#10041#10074#10004	30	null	0	101
1252	5010001	62	961	1	10013#10081#10057#10059#10075	30	null	0	101
1253	5010001	62	962	2	10044#10006#10074#10008#10021	30	null	0	101
1254	5010001	62	963	3	10023#10037#10022#10074#10059	30	null	0	101
1255	5010001	62	964	4	10062#10043#10020#10041#10057	30	null	0	101
1256	5010001	62	965	5	10081#10062#10009#10014#10030	30	null	0	101
1257	5010001	62	966	6	10026#10007#10045#10002#10069	30	null	0	101
1258	5010001	62	967	1	10081#10026#10065#10014#10073	30	null	0	101
1259	5010001	62	968	2	10081#10043#10082#10031#10060	30	null	0	101
1260	5010001	62	969	3	10038#10013#10062#10074#10075	30	null	0	101
1261	5010001	62	970	4	10043#10062#10041#10074#10004	30	null	0	101
1262	5010001	62	971	1	10013#10081#10057#10059#10075	30	null	0	101
1263	5010001	62	972	2	10044#10006#10074#10008#10021	30	null	0	101
1264	5010001	62	973	3	10023#10037#10022#10074#10059	30	null	0	101
1265	5010001	62	974	4	10062#10043#10020#10041#10057	30	null	0	101
1266	5010001	62	975	5	10081#10062#10009#10014#10030	30	null	0	101
1267	5010001	62	976	6	10026#10007#10045#10002#10069	30	null	0	101
1268	5010001	62	977	1	10081#10026#10065#10014#10073	30	null	0	101
1269	5010001	62	978	2	10081#10043#10082#10031#10060	30	null	0	101
1270	5010001	62	979	3	10038#10013#10062#10074#10075	30	null	0	101
1271	5010001	62	980	4	10043#10062#10041#10074#10004	30	null	0	101
1272	5010001	62	981	1	10013#10081#10057#10059#10075	30	null	0	101
1273	5010001	62	982	2	10044#10006#10074#10008#10021	30	null	0	101
1274	5010001	62	983	3	10023#10037#10022#10074#10059	30	null	0	101
1275	5010001	62	984	4	10062#10043#10020#10041#10057	30	null	0	101
1276	5010001	62	985	5	10081#10062#10009#10014#10030	25	null	0	101
1277	5010001	62	986	6	10026#10007#10045#10002#10069	25	null	0	101
1278	5010001	62	987	1	10081#10026#10065#10014#10073	25	null	0	101
1279	5010001	62	988	2	10081#10043#10082#10031#10060	25	null	0	101
1280	5010001	62	989	3	10038#10013#10062#10074#10075	25	null	0	101
1281	5010001	62	990	4	10043#10062#10041#10074#10004	25	null	0	101
1282	5010001	62	991	1	10013#10081#10057#10059#10075	25	null	0	101
1283	5010001	62	992	2	10044#10006#10074#10008#10021	25	null	0	101
1284	5010001	62	993	3	10023#10037#10022#10074#10059	25	null	0	101
1285	5010001	62	994	4	10062#10043#10020#10041#10057	25	null	0	101
1286	5010001	62	995	5	10081#10062#10009#10014#10030	25	null	0	101
1287	5010001	62	996	6	10026#10007#10045#10002#10069	25	null	0	101
1288	5010001	62	997	1	10081#10026#10065#10014#10073	25	null	0	101
1289	5010001	62	998	2	10081#10043#10082#10031#10060	25	null	0	101
1290	5010001	62	999	3	10038#10013#10062#10074#10075	25	null	0	101
1291	5010001	62	1000	4	10043#10062#10041#10074#10004	25	null	0	101
20000	50376	65	1000	1	10038#10042#10044#10040#10041	145	null	0	200
20001	50376	65	1000	1	10007#10044#10065#10076#10025	150	null	0	200
20002	50376	65	1000	5	10007#10022#10065#10073#10041	155	null	0	200
20003	50376	65	1000	2	10081#10080#10082#10076#10075	160	null	0	200
20004	50376	65	1000	5	10062#10063#10057#10061#10060	165	null	0	200
20005	50376	65	1000	4	10081#10072#10076#10073#10075	170	null	0	200
20006	50376	65	1000	4	10062#10057#10065#10061#10060	175	null	0	200
20007	50376	65	1000	1	10007#10042#10057#10080#10021	180	null	0	200
20008	50376	65	1000	5	10081#10026#10006#10064#10046	185	null	0	200
20009	50376	65	1000	1	10043#10009#10057#10074#10021	190	null	0	200
20010	50377	65	1000	5	10007#10022#10065#10073#10041	145	null	0	200
20011	50377	65	1000	2	10081#10080#10082#10076#10075	150	null	0	200
20012	50377	65	1000	5	10062#10063#10057#10061#10060	155	null	0	200
20013	50377	65	1000	4	10081#10072#10076#10073#10075	160	null	0	200
20014	50377	65	1000	4	10062#10057#10065#10061#10060	165	null	0	200
20015	50377	65	1000	1	10007#10042#10057#10080#10021	170	null	0	200
20016	50377	65	1000	5	10081#10026#10006#10064#10046	175	null	0	200
20017	50377	65	1000	1	10043#10009#10057#10074#10021	180	null	0	200
20018	50377	65	1000	1	10038#10042#10044#10040#10041	185	null	0	200
20019	50377	65	1000	1	10007#10044#10065#10076#10025	190	null	0	200
20100	50375	65	1000	5	10062#10063#10057#10061#10060	145	null	0	201
20101	50375	65	1000	4	10081#10072#10076#10073#10075	150	null	0	201
20102	50375	65	1000	4	10062#10057#10065#10061#10060	155	null	0	201
20103	50375	65	1000	1	10007#10042#10057#10080#10021	160	null	0	201
20104	50375	65	1000	5	10081#10026#10006#10064#10046	165	null	0	201
20105	50375	65	1000	1	10043#10009#10057#10074#10021	170	null	0	201
20106	50375	65	1000	1	10038#10042#10044#10040#10041	175	null	0	201
20107	50375	65	1000	1	10007#10044#10065#10076#10025	180	null	0	201
20108	50375	65	1000	5	10007#10022#10065#10073#10041	185	null	0	201
20109	50375	65	1000	2	10081#10080#10082#10076#10075	190	null	0	201
20110	50377	65	1000	4	10062#10057#10065#10061#10060	145	null	0	201
20111	50377	65	1000	1	10007#10042#10057#10080#10021	150	null	0	201
20112	50377	65	1000	5	10081#10026#10006#10064#10046	155	null	0	201
20113	50377	65	1000	1	10043#10009#10057#10074#10021	160	null	0	201
20114	50377	65	1000	1	10038#10042#10044#10040#10041	165	null	0	201
20115	50377	65	1000	1	10007#10044#10065#10076#10025	170	null	0	201
20116	50377	65	1000	5	10007#10022#10065#10073#10041	175	null	0	201
20117	50377	65	1000	2	10081#10080#10082#10076#10075	180	null	0	201
20118	50377	65	1000	5	10062#10063#10057#10061#10060	185	null	0	201
20119	50377	65	1000	4	10081#10072#10076#10073#10075	190	null	0	201
20200	50375	65	1000	5	10081#10026#10006#10064#10046	145	null	0	202
20201	50375	65	1000	1	10043#10009#10057#10074#10021	150	null	0	202
20202	50375	65	1000	1	10038#10042#10044#10040#10041	155	null	0	202
20203	50375	65	1000	1	10007#10044#10065#10076#10025	160	null	0	202
20204	50375	65	1000	5	10007#10022#10065#10073#10041	165	null	0	202
20205	50375	65	1000	2	10081#10080#10082#10076#10075	170	null	0	202
20206	50375	65	1000	5	10062#10063#10057#10061#10060	175	null	0	202
20207	50375	65	1000	4	10081#10072#10076#10073#10075	180	null	0	202
20208	50375	65	1000	4	10062#10057#10065#10061#10060	185	null	0	202
20209	50375	65	1000	1	10007#10042#10057#10080#10021	190	null	0	202
20210	50376	65	1000	1	10038#10042#10044#10040#10041	145	null	0	202
20211	50376	65	1000	1	10007#10044#10065#10076#10025	150	null	0	202
20212	50376	65	1000	5	10007#10022#10065#10073#10041	155	null	0	202
20213	50376	65	1000	2	10081#10080#10082#10076#10075	160	null	0	202
20214	50376	65	1000	5	10062#10063#10057#10061#10060	165	null	0	202
20215	50376	65	1000	4	10081#10072#10076#10073#10075	170	null	0	202
20216	50376	65	1000	4	10062#10057#10065#10061#10060	175	null	0	202
20217	50376	65	1000	1	10007#10042#10057#10080#10021	180	null	0	202
20218	50376	65	1000	5	10081#10026#10006#10064#10046	185	null	0	202
20219	50376	65	1000	1	10043#10009#10057#10074#10021	190	null	0	202
