Id
int
1
2
3
4
5
6
7
8
9
10
101
102
103
104
105
106
201
202
203
204
205
206
207
208
209
210
301
302
303
304
305
306
307
308
309
501
502
503
504
505
506
507
701
702
703
704
705
706
707
1001
1002
1003
1004
1005
1006
1007
1008
1009
1010
1011
1012
1013
1014
1015
1016
1017
1018
1019
1020
1021
1022
1023
1024
1025
1026
1027
1028
1029
1030
1031
1032
1033
1034
1035
1036
1037
1038
1039
1040
1041
1042
1043
1044
1045
1046
1047
1048
1049
1050
1051
1052
1053
1054
1055
1056
1057
1058
1059
1060
1061
1062
1063
1064
1065
1066
1067
1068
1069
1070
1071
1072
1073
1074
1075
1076
1077
1078
1079
1080
1081
1082
1083
1084
1085
1086
1087
1501
1502
1503
1504
1505
1510
1511
1512
1513
1520
1521
1522
1523
1524
1525
1526
1527
1528
1529
1530
1531
1532
1533
1534
1535
1536
1537
1538
1539
1540
1541
1542
1543
1544
1545
1546
1547
1548
1549
1550
1551
1801
1802
1803
1804
1805
1806
1807
1808
1809
1810
1811
1812
1813
1814
1815
1816
1817
1818
1819
1820
1821
1822
1823
1824
1825
1826
1827
1828
1829
1830
1831
1832
1833
1834
1835
1836
1837
1838
1839
1840
1841
1842
1843
1844
1845
1846
1847
1848
1849
1850
1851
1852
1853
2001
2002
2003
2004
2005
2006
2007
2008
2009
2010
2011
2012
2013
2014
2015
2016
2017
2018
2019
2020
2021
2022
2023
2024
2025
2026
2027
2028
2029
2030
2031
2032
2033
2034
2035
2036
2037
2038
2039
2040
2041
2042
2043
2044
2045
2046
2047
2048
2049
2050
2051
2052
2053
2054
2055
2056
2057
2058
2059
2060
2061
2062
2063
2064
2065
2066
2067
2068
2069
2070
2071
2072
2073
2074
2075
2076
2077
2078
2079
2080
2081
2082
2083
2084
2085
2501
2502
3001
3002
3003
3004
3005
3006
3007
3008
3009
3010
3011
3012
3013
3014
3015
3016
3017
3018
3019
3020
3021
3022
3023
3024
3025
3026
3027
3028
3029
3030
3031
3032
3033
3034
3035
3036
3037
3038
3039
3040
3041
3042
3043
3044
3045
3046
3047
3048
3049
3050
3051
3052
3053
3054
3055
3056
3057
3058
3059
3060
3061
3062
3063
3064
3065
3066
3067
3068
3069
3070
3071
3072
3073
3074
3075
3076
3077
3078
3079
3080
3081
3082
3083
3084
3085
3086
3087
3091
3092
4001
4002
4003
4004
4005
4101
4102
4104
4200
4201
4202
4300
4301
4400
4311
4312
4313
4314
10001
10002
10003
10004
10005
10006
10014
10015
10016
10017
10018
10019
10020
10031
11001
11002
11003
11004
11005
11006
11007
11008
11009
11010
11011
11012
11013
11014
11015
11016
11017
11018
11019
11020
11021
11501
11502
11503
11504
11505
11506
11507
11508
11509
11510
11511
11512
11513
11514
11515
11516
11517
11518
12001
12002
12003
12004
12005
12006
12007
12008
12009
12010
12011
12012
12013
12014
12015
12016
12017
12018
12019
12020
12021
12022
12023
12024
12025
12026
12027
12028
12029
12030
12031
12032
12033
12034
12035
12036
12037
12038
12039
12040
12041
12042
12043
12044
12045
12046
12047
12048
12049
12050
18001
18002
18003
18004
18005
18006
18007
18008
18009
18010
18011
18012
18013
18014
18015
18016
18017
18018
18019
18020
18021
18022
18023
18024
18025
18026
18027
18028
18029
18030
18031
18032
18033
18034
18035
18036
18037
18038
18039
18040
18041
18042
18043
18044
18045
18046
18047
18048
18501
18502
18503
18504
19001
19002
19003
19004
19005
19006
19007
19008
19009
19010
19011
19013
19015
19016
19017
19018
19019
19020
19021
19022
19023
19024
19025
19026
19027
19028
19029
19030
19031
19032
19033
19034
19035
19036
19037
19038
19039
19040
19041
19042
19043
19044
19045
19046
19047
19048
19049
19050
19051
19052
19053
19054
19055
19056
19057
19058
19059
19060
20001
20002
20003
20004
20005
20006
20007
20008
20009
20010
20011
20012
20013
20014
20015
20016
20017
20018
20019
20020
20021
20022
20023
20024
20025
20026
20027
20028
20029
20030
20031
20032
21001
21002
21003
21004
21005
21006
21007
21008
21009
21010
21011
21012
21013
21014
21015
21016
21017
21018
21019
21020
21021
21022
21023
21024
21025
21026
21027
21028
21029
21030
21031
22001
22002
22003
22004
22005
22006
22007
22008
22009
22010
22011
22012
22013
22014
22015
22016
22017
22018
22019
22020
22021
22022
22023
22024
22025
22026
22027
22028
22029
22030
22031
22032
22033
22034
22035
22036
22037
22038
22039
22040
22041
22042
22043
22044
22045
22046
22047
22048
22049
22050
22051
22052
22053
22054
22055
22056
22057
23001
23002
23003
23004
23005
23006
23007
23008
23009
23010
23011
23012
23013
23014
23015
23016
23017
23018
23019
23020
23021
23022
23023
23024
23025
23026
23027
23028
23029
23030
23031
23032
23033
23034
23035
23036
23037
23038
23039
23040
23041
23042
23043
23044
23045
270001
270002
270003
270004
270005
270006
270007
270008
270009
270010
270011
270012
270013
270014
270015
270016
270017
270018
270101
270102
270103
270104
270105
270106
270111
270112
270113
270114
270115
270116
270121
270122
270123
270124
270125
270126
270131
270132
270133
270134
270135
270136
300000
300001
300002
300003
300004
300005
300006
300007
300008
300009
300010
300011
300012
300061
300062
300063
300064
300065
300066
300067
300068
300069
300070
300071
300072
300073
300074
300075
300076
80001
80002
80003
80004
80005
80006
80007
80008
80009
80010
80011
81001
81002
81003
81004
81005
81006
82001
82002
82003
82004
100001
100002
100003
100004
100005
8000001
1201
1202
1203
1204
1205
1206
1207
1208
1209
1210
1211
1212
1213
1214
1215
1216
1217
1218
1219
1220
1221
1222
1223
1224
1225
1226
1227
1228
1229
1230
1231
1232
1233
1234
1235
1236
1237
1238
1239
1240
1241
1242
1243
1244
1245
1246
1247
1248
1249
1250
1251
1252
1253
1254
1255
1256
1257
1258
1259
1260
1261
1262
1263
1264
1265
1266
1267
1268
1269
1270
1271
1272
1273
1274
1275
1276
1277
1278
1279
1280
1281
1282
1283
1284
1285
1286
1601
1602
1603
1604
1651
1652
1653
1654
1655
1656
1657
1658
1659
1660
1661
1662
1663
1701
1702
1703
1704
1705
1706
1707
1708
1709
1710
1711
1712
1713
1714
1715
1716
1717
1718
1719
1720
1721
1722
1723
1724
1730
1731
1732
1733
1734
1740
1741
1742
1743
1744
1750
1751
1752
1753
1754
1760
1761
1762
1763
1764
1765
1766
1901
1902
1903
1904
1905
1906
1907
1908
4401
5001
5002
5003
5004
5005
5006
200101
200103
200201
200203
200301
200303
200401
200403
200501
200503
200601
200603
200701
200703
200801
200803
200901
200903
201001
201003
201101
201103
201201
201301
201303
201401
201403
201501
201503
201601
201701
201801
201901
201903
202001
202003
202101
202103
202201
202203
202301
202303
202401
202403
202501
202601
202603
202701
202703
202801
202803
202901
202903
203001
203003
203101
203103
203201
203203
203301
203303
203401
203501
203601
203701
203703
203801
203803
203901
203903
204001
204003
204101
204103
204201
204203
204301
204303
204401
204403
204501
204503
204601
204603
204701
204703
204801
204803
204901
204903
205001
205003
205101
205103
205201
205301
205401
205501
205503
205601
205603
205701
205703
205801
205803
205901
206001
206003
206101
206103
206201
206203
206301
206303
206401
206403
206501
206503
206601
206603
206701
206801
206803
206901
206903
207001
207003
207101
207103
207201
207203
207301
207303
207401
207403
207501
207503
207601
207603
207701
207703
207801
207803
207901
207903
208001
208101
208201
208301
208303
208401
208403
209001
209002
209003
209004
209005
209006
209007
209008
209009
209010
209011
209012
209013
209014
209015
209016
209017
209018
209019
209020
209021
209022
209023
209024
209025
209026
209027
209028
209029
209030
209031
209032
209033
209034
209035
209036
209037
209038
209039
209040
209041
209042
209043
209044
209101
209102
209103
209104
209105
209106
209107
209201
209202
209203
209204
209205
209206
209207
209210
209211
209212
209213
209214
209215
209216
209217
209218
209219
209220
209221
209222
209223
209224
209225
209226
209227
209228
209229
209230
209231
209232
209233
209234
209235
209236
209237
209240
209241
209242
209243
209244
209245
209246
209247
209248
209249
209250
209251
209252
209253
209254
209255
209256
209257
209258
209259
209260
209261
209262
209263
209264
209265
209266
209267
209268
209269
209270
209271
209272
209273
209274
209275
209276
209277
209278
209279
209280
209281
209282
209283
209284
209285
209286
209400
209401
209402
209403
209404
209405
209406
209407
209408
209409
209410
209411
209412
209413
209414
209415
200102
200104
200202
200302
200402
200404
200502
200504
200602
200604
200702
200704
200802
200804
200902
200904
201002
201004
201102
201202
201204
201302
201402
201502
201602
201702
201802
201804
201902
201904
202002
202004
202102
202104
202202
202302
202304
202402
202405
202404
202502
202602
202604
202702
202704
202802
202902
203002
203102
203202
203302
203402
203502
203504
203602
203604
203702
203704
203802
203804
203902
203904
204002
204004
204102
204104
204202
204204
204302
204304
204402
204404
204502
204602
204702
204802
204902
205002
205004
205102
205202
205204
205302
205304
205402
205404
205502
205602
205604
205608
205702
205704
205802
205804
205902
205904
206002
206102
206202
206302
206402
206502
206504
206602
206604
206702
206704
206802
206804
206902
206904
207002
207004
207102
207104
207202
207204
207302
207304
207402
207502
207602
207702
207704
207705
207706
207902
208002
208004
208102
208104
300101
300102
300103
300104
300105
300106
300107
300108
300109
300110
300111
300112
300113
300114
300115
300116
300117
300118
300119
300120
300121
300122
300123
300124
300125
300126
300127
300128
300129
300130
300131
300132
300133
300134
300135
300136
300137
300138
300139
300140
300141
300142
300143
300144
300145
300146
300147
300148
300149
300150
300151
300152
300153
300154
300155
300156
300157
300158
300159
300160
300161
300162
300163
300164
300165
300166
300167
300168
300169
300170
300171
300172
300173
300174
300175
300176
300177
300178
300179
300180
300181
300182
300183
300184
300185
300186
300187
300188
300189
300190
300191
300192
300193
300194
300195
300196
300197
300198
300199
300200
300201
300202
300203
300204
300205
300206
300207
300208
300209
300210
300211
300212
300213
300214
300215
300216
300217
300218
300219
300220
300221
300222
300223
300224
300225
300226
300227
300228
300229
300230
300231
300232
300233
300234
300235
300236
300237
300238
300239
300240
300241
300242
300243
300244
300245
300246
300247
300248
300249
300250
300251
300252
300253
300254
300255
300256
300257
300258
300259
300260
300261
300262
300263
300264
300265
300266
300267
300268
300269
300270
300271
300272
300304
300305
300306
300307
300308
300309
300310
300311
300312
300313
260001
260002
260016
260017
260022
260023
260025
260026
260034
260035
260049
260050
260055
260056
260058
260059
260067
260068
260069
260082
260083
260084
260088
260089
260090
260091
260092
260093
260100
260101
260102
260103
260125
260126
260127
260128
260135
260136
260137
260138
260140
260141
260142
260144
260155
260156
260157
260158
260159
260160
260180
260181
260182
260183
260184
260185
260190
260191
260192
260193
260194
260195
260196
260197
260198
260199
260200
260201
280001
280002
280003
280004
280005
280006
280007
280008
280009
280010
280011
280012
280013
280014
280015
280016
280017
280018
280019
280020
280021
280022
280023
280024
280025
280026
280027
280028
280029
280030
280031
280032
280033
280034
280035
280036
280037
280038
280039
280040
280041
280042
280043
280044
280045
280046
280047
280048
280049
280050
280051
280052
280053
280054
280055
280056
280057
280058
280059
280060
280061
280062
280063
280064
280065
280066
280067
280068
280069
280070
280071
280072
280073
280074
280075
280076
280077
280078
280079
280080
280081
280082
280083
280084
280085
280086
280087
280088
280089
280090
280091
280092
280093
280094
280095
280096
280097
280098
280099
280100
280101
280102
280103
280104
280105
280106
280107
280108
280109
280110
280111
280112
280113
280114
280115
280116
280117
280118
280119
280120
280121
280122
280123
280124
280125
280126
280127
280128
280129
280130
280131
280132
280133
280134
280135
280136
280137
280138
280139
280140
280141
280142
280143
280144
209300
209301
209302
209303
50001
50002
50003
50004
50005
50006
50007
50008
50009
50010
50101
50102
50103
50104
50105
50106
50107
50108
50109
50110
50111
60001
60002
60003
60004
60005
60006
60007
60009
60013
60014
60015
60022
60023
60024
60025
60026
60027
60028
60029
60030
60031
60032
60033
60034
60035
60036
60037
60038
60039
60040
60041
60042
60043
60044
60081
60082
60083
60084
60085
60086
60087
60088
60089
60090
60091
60092
60093
60094
60095
60096
60100
60101
60102
60103
60104
60105
60106
60107
60108
60109
60110
60111
60112
60200
60201
60202
60300
60301
60302
60303
60304
60305
60306
60307
60400
60401
60402
60403
60404
60405
60406
60407
60408
60409
60410
60411
60412
60419
60420
60421
60422
60423
60424
60501
60502
60503
60504
60505
60506
60507
60508
60509
60510
60511
60512
60513
2101
2102
2103
2104
2105
2106
2107
2108
2109
2110
2111
2112
2113
2114
2115
2116
3101
3102
3103
3104
800001
800002
800003
800004
800005
800006
800007
800008
800009
800010
800011
800012
800013
800014
800015
800016
800017
800018
800019
800020
800021
800022
800023
800024
800025
800026
800027
800028
800029
800030
800031
800032
800033
800034
800035
800036
800037
800038
800039
800040
800041
800042
800043
800044
800045
800046
800047
800048
800049
800050
800051
800052
800053
800054
800055
800056
800057
800058
800059
800060
800061
800062
800063
800064
800065
800066
800067
800068
800069
800070
800071
800072
800073
800074
800075
800076
800077
800078
800079
800080
800081
800082
800083
800084
800085
800086
900001
900002
900003
900004
900005
900006
900007
900008
900009
900010
900011
900012
900013
900014
900015
900016
900017
900018
900019
900020
900021
900022
900023
900024
900025
900026
900027
900028
900029
900030
900031
900032
900033
900034
900050
900061
900062
900063
900064
900065
900066
900067
900068
900069
900070
900071
900072
900073
900074
900075
900076
901001
901002
901003
901004
901005
901006
901007
901008
901101
901102
901103
901104
901105
901106
901107
901108
901201
901202
901203
901204
901205
901206
901207
901208
901209
901210
902001
902002
902003
902004
902005
902006
902007
902008
902009
902010
2901
2902
1854
1855
1856
1857
1858
1859
1860
1861
1862
1863
1864
1865
1866
1867
1868
1869
1870
1871
1872
1873
12051
5007
