Id	Mode	Ranking	Reward
int	int	int	mut,int#int,2
1	1	1	81148#50
2	1	1	6001020#50
3	1	1	20#1
4	1	1	16#1000
5	1	1	16#1000
6	1	1	65#3000
7	1	1	65#3000
8	1	1	65#3000
9	1	1	65#3000
10	1	1	65#3000
11	1	1	16#500
12	1	1	16#500
13	1	1	16#500
14	1	1	16#500
15	1	1	16#500
16	1	1	65#1500
17	1	1	65#1500
18	1	1	65#1500
19	1	1	65#1500
20	1	1	65#1500
21	1	1	65#1500
22	1	1	65#1500
23	1	1	65#1500
24	1	1	65#1500
25	1	1	65#1500
26	1	2	6001020#50
27	1	2	20#1
28	1	2	19#5
29	1	2	16#600
30	1	2	16#600
31	1	2	65#2000
32	1	2	65#2000
33	1	2	65#2000
34	1	2	65#2000
35	1	2	65#2000
36	1	2	16#300
37	1	2	16#300
38	1	2	16#300
39	1	2	16#300
40	1	2	16#300
41	1	2	65#1000
42	1	2	65#1000
43	1	2	65#1000
44	1	2	65#1000
45	1	2	65#1000
46	1	2	65#1000
47	1	2	65#1000
48	1	2	65#1000
49	1	2	65#1000
50	1	2	65#1000
51	1	3	20#1
52	1	3	19#5
53	1	3	16#500
54	1	3	16#500
55	1	3	16#500
56	1	3	65#1500
57	1	3	65#1500
58	1	3	65#1500
59	1	3	65#1500
60	1	3	65#1500
61	1	3	16#250
62	1	3	16#250
63	1	3	16#250
64	1	3	16#250
65	1	3	16#250
66	1	3	65#800
67	1	3	65#800
68	1	3	65#800
69	1	3	65#800
70	1	3	65#800
71	1	3	65#800
72	1	3	65#800
73	1	3	65#800
74	1	3	65#800
75	1	3	65#800
76	1	4	19#5
77	1	4	16#500
78	1	4	16#300
79	1	4	16#300
80	1	4	16#300
81	1	4	65#1000
82	1	4	65#1000
83	1	4	65#1000
84	1	4	65#1000
85	1	4	65#1000
86	1	4	16#150
87	1	4	16#150
88	1	4	16#150
89	1	4	16#150
90	1	4	16#150
91	1	4	65#600
92	1	4	65#600
93	1	4	65#600
94	1	4	65#600
95	1	4	65#600
96	1	4	65#600
97	1	4	65#600
98	1	4	65#600
99	1	4	65#600
100	1	4	65#600
201	2	1	6001032#50
202	2	1	81148#50
203	2	1	6001020#50
204	2	1	20#1
205	2	1	16#1500
206	2	1	16#1500
207	2	1	65#4000
208	2	1	65#4000
209	2	1	65#4000
210	2	1	65#4000
211	2	1	65#4000
212	2	1	16#800
213	2	1	16#800
214	2	1	16#800
215	2	1	16#800
216	2	1	16#800
217	2	1	65#2500
218	2	1	65#2500
219	2	1	65#2500
220	2	1	65#2500
221	2	1	65#2500
222	2	1	65#2500
223	2	1	65#2500
224	2	1	65#2500
225	2	1	65#2500
226	2	2	81148#50
227	2	2	6001020#50
228	2	2	20#1
229	2	2	19#5
230	2	2	16#1000
231	2	2	65#3000
232	2	2	65#3000
233	2	2	65#3000
234	2	2	65#3000
235	2	2	65#3000
236	2	2	16#500
237	2	2	16#500
238	2	2	16#500
239	2	2	16#500
240	2	2	16#500
241	2	2	65#2000
242	2	2	65#2000
243	2	2	65#2000
244	2	2	65#2000
245	2	2	65#2000
246	2	2	65#2000
247	2	2	65#2000
248	2	2	65#2000
249	2	2	65#2000
250	2	2	65#2000
251	2	3	6001020#50
252	2	3	20#1
253	2	3	19#5
254	2	3	16#800
255	2	3	16#800
256	2	3	65#2000
257	2	3	65#2000
258	2	3	65#2000
259	2	3	65#2000
260	2	3	65#2000
261	2	3	16#400
262	2	3	16#400
263	2	3	16#400
264	2	3	16#400
265	2	3	16#400
266	2	3	65#1500
267	2	3	65#1500
268	2	3	65#1500
269	2	3	65#1500
270	2	3	65#1500
271	2	3	65#1500
272	2	3	65#1500
273	2	3	65#1500
274	2	3	65#1500
275	2	3	65#1500
276	2	4	20#1
277	2	4	19#5
278	2	4	16#500
279	2	4	16#500
280	2	4	16#500
281	2	4	65#1500
282	2	4	65#1500
283	2	4	65#1500
284	2	4	65#1500
285	2	4	65#1500
286	2	4	16#300
287	2	4	16#300
288	2	4	16#300
289	2	4	16#300
290	2	4	16#300
291	2	4	65#1000
292	2	4	65#1000
293	2	4	65#1000
294	2	4	65#1000
295	2	4	65#1000
296	2	4	65#1000
297	2	4	65#1000
298	2	4	65#1000
299	2	4	65#1000
300	2	4	65#1000
301	1	5	19#5
302	1	5	16#500
303	1	5	16#300
304	1	5	16#300
305	1	5	16#300
306	1	5	65#1000
307	1	5	65#1000
308	1	5	65#1000
309	1	5	65#1000
310	1	5	65#1000
311	1	5	16#150
312	1	5	16#150
313	1	5	16#150
314	1	5	16#150
315	1	5	16#150
316	1	5	65#600
317	1	5	65#600
318	1	5	65#600
319	1	5	65#600
320	1	5	65#600
321	1	5	65#600
322	1	5	65#600
323	1	5	65#600
324	1	5	65#600
325	1	5	65#600
326	1	6	19#5
327	1	6	16#500
328	1	6	16#300
329	1	6	16#300
330	1	6	16#300
331	1	6	65#1000
332	1	6	65#1000
333	1	6	65#1000
334	1	6	65#1000
335	1	6	65#1000
336	1	6	16#150
337	1	6	16#150
338	1	6	16#150
339	1	6	16#150
340	1	6	16#150
341	1	6	65#600
342	1	6	65#600
343	1	6	65#600
344	1	6	65#600
345	1	6	65#600
346	1	6	65#600
347	1	6	65#600
348	1	6	65#600
349	1	6	65#600
350	1	6	65#600
351	1	7	19#5
352	1	7	16#500
353	1	7	16#300
354	1	7	16#300
355	1	7	16#300
356	1	7	65#1000
357	1	7	65#1000
358	1	7	65#1000
359	1	7	65#1000
360	1	7	65#1000
361	1	7	16#150
362	1	7	16#150
363	1	7	16#150
364	1	7	16#150
365	1	7	16#150
366	1	7	65#600
367	1	7	65#600
368	1	7	65#600
369	1	7	65#600
370	1	7	65#600
371	1	7	65#600
372	1	7	65#600
373	1	7	65#600
374	1	7	65#600
375	1	7	65#600
376	1	8	19#5
377	1	8	16#500
378	1	8	16#300
379	1	8	16#300
380	1	8	16#300
381	1	8	65#1000
382	1	8	65#1000
383	1	8	65#1000
384	1	8	65#1000
385	1	8	65#1000
386	1	8	16#150
387	1	8	16#150
388	1	8	16#150
389	1	8	16#150
390	1	8	16#150
391	1	8	65#600
392	1	8	65#600
393	1	8	65#600
394	1	8	65#600
395	1	8	65#600
396	1	8	65#600
397	1	8	65#600
398	1	8	65#600
399	1	8	65#600
400	1	8	65#600
401	1	9	19#5
402	1	9	16#500
403	1	9	16#300
404	1	9	16#300
405	1	9	16#300
406	1	9	65#1000
407	1	9	65#1000
408	1	9	65#1000
409	1	9	65#1000
410	1	9	65#1000
411	1	9	16#150
412	1	9	16#150
413	1	9	16#150
414	1	9	16#150
415	1	9	16#150
416	1	9	65#600
417	1	9	65#600
418	1	9	65#600
419	1	9	65#600
420	1	9	65#600
421	1	9	65#600
422	1	9	65#600
423	1	9	65#600
424	1	9	65#600
425	1	9	65#600
426	1	10	19#5
427	1	10	16#500
428	1	10	16#300
429	1	10	16#300
430	1	10	16#300
431	1	10	65#1000
432	1	10	65#1000
433	1	10	65#1000
434	1	10	65#1000
435	1	10	65#1000
436	1	10	16#150
437	1	10	16#150
438	1	10	16#150
439	1	10	16#150
440	1	10	16#150
441	1	10	65#600
442	1	10	65#600
443	1	10	65#600
444	1	10	65#600
445	1	10	65#600
446	1	10	65#600
447	1	10	65#600
448	1	10	65#600
449	1	10	65#600
450	1	10	65#600
