Id	ActivityId	Type	TaskType	TaskValue	Integral	TaskRefreshType	TaskRefreshWeight	Group	OpenLevel	IsShow
int	int	int	int	mut,int#int,2	mut,int#int,2	int	int	int	int	int
10101	8001	1	1022	0|2	106#100	1	0	0	0	1
10102	8001	1	116	0|1	106#100	1	0	0	0	1
10103	8001	1	1012	0|2	106#100	1	0	0	0	1
10104	8001	1	47	4|1	106#100	2	100	1	0	1
10105	8001	1	22	0|1	106#100	2	100	1	0	1
10106	8001	1	1017	2|1	106#100	2	100	1	0	1
10107	8001	1	100	0|1	106#100	2	100	2	0	1
10108	8001	1	1013	0|1	106#100	2	100	2	0	1
10109	8001	1	52	59|1	106#100	2	100	3	0	1
10110	8001	1	52	2|3	106#100	2	100	3	0	1
10111	8001	1	1019	63|1	106#100	2	100	3	0	1
10112	8001	1	1020	79|10000	106#100	2	100	4	0	1
10113	8001	1	77	0|5	106#100	2	100	4	0	1
10114	8001	1	1040	0|1	106#100	2	100	5	0	1
10115	8001	1	1084	0|1	106#100	2	100	6	70	1
10116	8001	1	1082	10030|2	106#100	2	100	6	70	1
10117	8001	1	1064	0|1	106#100	2	100	6	60	1
10118	8001	1	1085	0|2	106#100	2	100	6	90	1
10119	8001	1	1082	10032|1	106#100	2	100	6	90	1
10120	8001	1	1067	0|1	106#100	2	100	6	90	1
10121	8001	1	75	5|1	106#100	2	100	7	0	1
10122	8001	1	75	4|1	106#100	2	100	7	0	1
10123	8001	1	75	1|1	106#100	2	100	7	0	1
10124	8001	1	1088	0|1	106#100	2	100	8	0	1
10125	8001	1	1089	0|1	106#100	2	100	8	70	1
10126	8001	1	1090	0|1	106#100	2	100	8	80	1
10127	8001	1	1047	0|1	106#100	2	100	9	0	1
10128	8001	1	1048	0|1	106#100	2	100	9	0	1
10129	8001	1	1042	1|1	106#100	2	100	10	0	1
10130	8001	1	1007	0|1	106#100	2	100	10	0	1
10201	8001	2	1022	0|20	106#500	1	0	0	0	1
10202	8001	2	116	0|10	106#500	1	0	0	0	1
10203	8001	2	1012	0|120	106#500	1	0	0	0	1
10204	8001	2	47	5|5	106#650	2	100	1	0	1
10205	8001	2	1017	3|2	106#650	2	100	1	0	1
10206	8001	2	22	0|20	106#650	2	100	1	0	1
10207	8001	2	100	0|20	106#650	2	100	2	0	1
10208	8001	2	1013	0|20	106#650	2	100	2	0	1
10209	8001	2	52	4|1	106#650	2	100	3	0	1
10210	8001	2	52	12|1	106#650	2	100	3	0	1
10211	8001	2	52	60|1	106#650	2	100	3	0	1
10212	8001	2	52	61|1	106#650	2	100	3	0	1
10213	8001	2	1020	79|50000	106#650	2	100	4	0	1
10214	8001	2	76	4|10	106#650	2	100	4	0	1
10215	8001	2	1040	0|10	106#650	2	100	5	0	1
10216	8001	2	1064	0|10	106#650	2	100	6	60	1
10217	8001	2	1085	0|10	106#650	2	100	6	90	1
10218	8001	2	1082	10032|10	106#650	2	100	6	90	1
10219	8001	2	1067	0|10	106#650	2	100	6	90	1
10220	8001	2	1084	0|50	106#650	2	100	7	70	1
10221	8001	2	1082	10030|10	106#650	2	100	7	70	1
10222	8001	2	1057	0|20	106#650	2	100	7	40	1
10223	8001	2	1059	31|5	106#650	2	100	7	40	1
10224	8001	2	1059	43|5	106#650	2	100	7	40	1
10225	8001	2	52	8|10	106#650	2	100	7	40	1
10226	8001	2	75	5|10	106#650	2	100	8	0	1
10227	8001	2	75	4|10	106#650	2	100	8	0	1
10228	8001	2	75	1|10	106#650	2	100	8	0	1
10229	8001	2	1088	0|20	106#650	2	100	9	0	1
10230	8001	2	1089	0|20	106#650	2	100	9	70	1
10231	8001	2	1090	0|20	106#650	2	100	9	80	1
10232	8001	2	1047	0|15	106#650	2	100	10	0	1
10233	8001	2	1048	0|5	106#650	2	100	10	0	1
10234	8001	2	1042	1|5	106#650	2	100	10	0	1
10235	8001	2	1007	0|20	106#650	2	100	10	0	1
10236	8001	2	1086	0|20	106#650	2	100	11	55	1
10237	8001	2	1082	10033|10	106#650	2	100	11	55	1
10238	8001	2	80	0|10	106#650	2	100	12	0	1
10239	8001	2	127	0|10	106#650	2	100	12	0	1
10301	8001	3	1022	0|100	106#2500	1	0	0	0	1
10302	8001	3	116	0|40	106#2500	1	0	0	0	1
10303	8001	3	1012	0|500	106#2500	1	0	0	0	1
10304	8001	3	47	5|20	106#2500	1	100	0	0	1
10305	8001	3	22	0|100	106#2500	1	100	0	0	1
10306	8001	3	1020	79|200000	106#2500	1	100	0	0	1
10307	8001	3	75	1|200	106#2500	1	100	0	0	1
10308	8001	3	20	0|300	106#2500	1	100	0	0	1
10309	8001	3	1007	0|200	106#2500	1	100	0	0	1
10310	8001	3	28	0|600	106#2500	1	100	0	0	1
20101	8002	1	1022	0|2	107#100	1	0	0	0	1
20102	8002	1	116	0|1	107#100	1	0	0	0	1
20103	8002	1	1012	0|2	107#100	1	0	0	0	1
20104	8002	1	47	4|1	107#100	2	100	1	0	1
20105	8002	1	22	0|1	107#100	2	100	1	0	1
20106	8002	1	1017	2|1	107#100	2	100	1	0	1
20107	8002	1	100	0|1	107#100	2	100	2	0	1
20108	8002	1	1013	0|1	107#100	2	100	2	0	1
20109	8002	1	52	59|1	107#100	2	100	3	0	1
20110	8002	1	52	2|3	107#100	2	100	3	0	1
20111	8002	1	1019	63|1	107#100	2	100	3	0	1
20112	8002	1	1020	79|10000	107#100	2	100	4	0	1
20113	8002	1	77	0|5	107#100	2	100	4	0	1
20114	8002	1	1040	0|1	107#100	2	100	5	0	1
20115	8002	1	1084	0|1	107#100	2	100	6	70	1
20116	8002	1	1082	10030|2	107#100	2	100	6	70	1
20117	8002	1	1064	0|1	107#100	2	100	6	60	1
20118	8002	1	1085	0|2	107#100	2	100	6	90	1
20119	8002	1	1082	10032|1	107#100	2	100	6	90	1
20120	8002	1	1067	0|1	107#100	2	100	6	90	1
20121	8002	1	75	5|1	107#100	2	100	7	0	1
20122	8002	1	75	4|1	107#100	2	100	7	0	1
20123	8002	1	75	1|1	107#100	2	100	7	0	1
20124	8002	1	1088	0|1	107#100	2	100	8	0	1
20125	8002	1	1089	0|1	107#100	2	100	8	70	1
20126	8002	1	1090	0|1	107#100	2	100	8	80	1
20127	8002	1	1047	0|1	107#100	2	100	9	0	1
20128	8002	1	1048	0|1	107#100	2	100	9	0	1
20129	8002	1	1042	1|1	107#100	2	100	10	0	1
20130	8002	1	1007	0|1	107#100	2	100	10	0	1
20201	8002	2	1022	0|20	107#500	1	0	0	0	1
20202	8002	2	116	0|10	107#500	1	0	0	0	1
20203	8002	2	1012	0|120	107#500	1	0	0	0	1
20204	8002	2	47	5|5	107#650	2	100	1	0	1
20205	8002	2	1017	3|2	107#650	2	100	1	0	1
20206	8002	2	22	0|20	107#650	2	100	1	0	1
20207	8002	2	100	0|20	107#650	2	100	2	0	1
20208	8002	2	1013	0|20	107#650	2	100	2	0	1
20209	8002	2	52	4|1	107#650	2	100	3	0	1
20210	8002	2	52	12|1	107#650	2	100	3	0	1
20211	8002	2	52	60|1	107#650	2	100	3	0	1
20212	8002	2	52	61|1	107#650	2	100	3	0	1
20213	8002	2	1020	79|50000	107#650	2	100	4	0	1
20214	8002	2	76	4|10	107#650	2	100	4	0	1
20215	8002	2	1040	0|10	107#650	2	100	5	0	1
20216	8002	2	1064	0|10	107#650	2	100	6	60	1
20217	8002	2	1085	0|10	107#650	2	100	6	90	1
20218	8002	2	1082	10032|10	107#650	2	100	6	90	1
20219	8002	2	1067	0|10	107#650	2	100	6	90	1
20220	8002	2	1084	0|50	107#650	2	100	7	70	1
20221	8002	2	1082	10030|10	107#650	2	100	7	70	1
20222	8002	2	1057	0|20	107#650	2	100	7	40	1
20223	8002	2	1059	31|5	107#650	2	100	7	40	1
20224	8002	2	1059	43|5	107#650	2	100	7	40	1
20225	8002	2	52	8|10	107#650	2	100	7	40	1
20226	8002	2	75	5|10	107#650	2	100	8	0	1
20227	8002	2	75	4|10	107#650	2	100	8	0	1
20228	8002	2	75	1|10	107#650	2	100	8	0	1
20229	8002	2	1088	0|20	107#650	2	100	9	0	1
20230	8002	2	1089	0|20	107#650	2	100	9	70	1
20231	8002	2	1090	0|20	107#650	2	100	9	80	1
20232	8002	2	1047	0|15	107#650	2	100	10	0	1
20233	8002	2	1048	0|5	107#650	2	100	10	0	1
20234	8002	2	1042	1|5	107#650	2	100	10	0	1
20235	8002	2	1007	0|20	107#650	2	100	10	0	1
20236	8002	2	1086	0|20	107#650	2	100	11	55	1
20237	8002	2	1082	10033|10	107#650	2	100	11	55	1
20238	8002	2	80	0|10	107#650	2	100	12	0	1
20239	8002	2	127	0|10	107#650	2	100	12	0	1
20301	8002	3	1022	0|100	107#2500	1	0	0	0	1
20302	8002	3	1064	0|40	107#2500	1	0	0	0	1
20303	8002	3	1057	0|400	107#2500	1	0	0	0	1
20304	8002	3	1013	0|100	107#2500	1	100	0	0	1
20305	8002	3	1017	5|1	107#2500	1	100	0	0	1
20306	8002	3	76	4|20	107#2500	1	100	0	0	1
20307	8002	3	75	5|50	107#2500	1	100	0	0	1
20308	8002	3	52	60|10	107#2500	1	100	0	0	1
20309	8002	3	1042	1|20	107#2500	1	100	0	0	1
20310	8002	3	80	0|30	107#2500	1	100	0	0	1
30101	8003	1	1022	0|2	108#100	1	0	0	0	1
30102	8003	1	116	0|1	108#100	1	0	0	0	1
30103	8003	1	1012	0|2	108#100	1	0	0	0	1
30104	8003	1	47	4|1	108#100	2	100	1	0	1
30105	8003	1	22	0|1	108#100	2	100	1	0	1
30106	8003	1	1017	2|1	108#100	2	100	1	0	1
30107	8003	1	100	0|1	108#100	2	100	2	0	1
30108	8003	1	1013	0|1	108#100	2	100	2	0	1
30109	8003	1	52	59|1	108#100	2	100	3	0	1
30110	8003	1	52	2|3	108#100	2	100	3	0	1
30111	8003	1	1019	63|1	108#100	2	100	3	0	1
30112	8003	1	1020	79|10000	108#100	2	100	4	0	1
30113	8003	1	77	0|5	108#100	2	100	4	0	1
30114	8003	1	1040	0|1	108#100	2	100	5	0	1
30115	8003	1	1084	0|1	108#100	2	100	6	70	1
30116	8003	1	1082	10030|2	108#100	2	100	6	70	1
30117	8003	1	1064	0|1	108#100	2	100	6	60	1
30118	8003	1	1085	0|2	108#100	2	100	6	90	1
30119	8003	1	1082	10032|1	108#100	2	100	6	90	1
30120	8003	1	1067	0|1	108#100	2	100	6	90	1
30121	8003	1	75	5|1	108#100	2	100	7	0	1
30122	8003	1	75	4|1	108#100	2	100	7	0	1
30123	8003	1	75	1|1	108#100	2	100	7	0	1
30124	8003	1	1088	0|1	108#100	2	100	8	0	1
30125	8003	1	1089	0|1	108#100	2	100	8	70	1
30126	8003	1	1090	0|1	108#100	2	100	8	80	1
30127	8003	1	1047	0|1	108#100	2	100	9	0	1
30128	8003	1	1048	0|1	108#100	2	100	9	0	1
30129	8003	1	1042	1|1	108#100	2	100	10	0	1
30130	8003	1	1007	0|1	108#100	2	100	10	0	1
30201	8003	2	1022	0|20	108#500	1	0	0	0	1
30202	8003	2	116	0|10	108#500	1	0	0	0	1
30203	8003	2	1012	0|120	108#500	1	0	0	0	1
30204	8003	2	47	5|5	108#650	2	100	1	0	1
30205	8003	2	1017	3|2	108#650	2	100	1	0	1
30206	8003	2	22	0|20	108#650	2	100	1	0	1
30207	8003	2	100	0|20	108#650	2	100	2	0	1
30208	8003	2	1013	0|20	108#650	2	100	2	0	1
30209	8003	2	52	4|1	108#650	2	100	3	0	1
30210	8003	2	52	12|1	108#650	2	100	3	0	1
30211	8003	2	52	60|1	108#650	2	100	3	0	1
30212	8003	2	52	61|1	108#650	2	100	3	0	1
30213	8003	2	1020	79|50000	108#650	2	100	4	0	1
30214	8003	2	76	4|10	108#650	2	100	4	0	1
30215	8003	2	1040	0|10	108#650	2	100	5	0	1
30216	8003	2	1064	0|10	108#650	2	100	6	60	1
30217	8003	2	1085	0|10	108#650	2	100	6	90	1
30218	8003	2	1082	10032|10	108#650	2	100	6	90	1
30219	8003	2	1067	0|10	108#650	2	100	6	90	1
30220	8003	2	1084	0|50	108#650	2	100	7	70	1
30221	8003	2	1082	10030|10	108#650	2	100	7	70	1
30222	8003	2	1057	0|20	108#650	2	100	7	40	1
30223	8003	2	1059	31|5	108#650	2	100	7	40	1
30224	8003	2	1059	43|5	108#650	2	100	7	40	1
30225	8003	2	52	8|10	108#650	2	100	7	40	1
30226	8003	2	75	5|10	108#650	2	100	8	0	1
30227	8003	2	75	4|10	108#650	2	100	8	0	1
30228	8003	2	75	1|10	108#650	2	100	8	0	1
30229	8003	2	1088	0|20	108#650	2	100	9	0	1
30230	8003	2	1089	0|20	108#650	2	100	9	70	1
30231	8003	2	1090	0|20	108#650	2	100	9	80	1
30232	8003	2	1047	0|15	108#650	2	100	10	0	1
30233	8003	2	1048	0|5	108#650	2	100	10	0	1
30234	8003	2	1042	1|5	108#650	2	100	10	0	1
30235	8003	2	1007	0|20	108#650	2	100	10	0	1
30236	8003	2	1086	0|20	108#650	2	100	11	55	1
30237	8003	2	1082	10033|10	108#650	2	100	11	55	1
30238	8003	2	80	0|10	108#650	2	100	12	0	1
30239	8003	2	127	0|10	108#650	2	100	12	0	1
30301	8003	3	1022	0|100	108#2500	1	0	0	0	1
30302	8003	3	1086	0|60	108#2500	1	0	0	0	1
30303	8003	3	1047	0|60	108#2500	1	0	0	0	1
30304	8003	3	100	0|100	108#2500	1	100	0	0	1
30305	8003	3	22	0|100	108#2500	1	100	0	0	1
30306	8003	3	1067	0|100	108#2500	1	100	0	0	1
30307	8003	3	75	1|50	108#2500	1	100	0	0	1
30308	8003	3	52	12|10	108#2500	1	100	0	0	1
30309	8003	3	1082	10030|30	108#2500	1	100	0	0	1
30310	8003	3	1085	0|40	108#2500	1	100	0	0	1
40101	8004	1	1022	0|2	109#100	1	0	0	0	1
40102	8004	1	116	0|1	109#100	1	0	0	0	1
40103	8004	1	1012	0|2	109#100	1	0	0	0	1
40104	8004	1	47	4|1	109#100	2	100	1	0	1
40105	8004	1	22	0|1	109#100	2	100	1	0	1
40106	8004	1	1017	2|1	109#100	2	100	1	0	1
40107	8004	1	100	0|1	109#100	2	100	2	0	1
40108	8004	1	1013	0|1	109#100	2	100	2	0	1
40109	8004	1	52	59|1	109#100	2	100	3	0	1
40110	8004	1	52	2|3	109#100	2	100	3	0	1
40111	8004	1	1019	63|1	109#100	2	100	3	0	1
40112	8004	1	1020	79|10000	109#100	2	100	4	0	1
40113	8004	1	77	0|5	109#100	2	100	4	0	1
40114	8004	1	1040	0|1	109#100	2	100	5	0	1
40115	8004	1	1084	0|1	109#100	2	100	6	70	1
40116	8004	1	1082	10030|2	109#100	2	100	6	70	1
40117	8004	1	1064	0|1	109#100	2	100	6	60	1
40118	8004	1	1085	0|2	109#100	2	100	6	90	1
40119	8004	1	1082	10032|1	109#100	2	100	6	90	1
40120	8004	1	1067	0|1	109#100	2	100	6	90	1
40121	8004	1	75	5|1	109#100	2	100	7	0	1
40122	8004	1	75	4|1	109#100	2	100	7	0	1
40123	8004	1	75	1|1	109#100	2	100	7	0	1
40124	8004	1	1088	0|1	109#100	2	100	8	0	1
40125	8004	1	1089	0|1	109#100	2	100	8	70	1
40126	8004	1	1090	0|1	109#100	2	100	8	80	1
40127	8004	1	1047	0|1	109#100	2	100	9	0	1
40128	8004	1	1048	0|1	109#100	2	100	9	0	1
40129	8004	1	1042	1|1	109#100	2	100	10	0	1
40130	8004	1	1007	0|1	109#100	2	100	10	0	1
40201	8004	2	1022	0|20	109#500	1	0	0	0	1
40202	8004	2	116	0|10	109#500	1	0	0	0	1
40203	8004	2	1012	0|120	109#500	1	0	0	0	1
40204	8004	2	47	5|5	109#650	2	100	1	0	1
40205	8004	2	1017	3|2	109#650	2	100	1	0	1
40206	8004	2	22	0|20	109#650	2	100	1	0	1
40207	8004	2	100	0|20	109#650	2	100	2	0	1
40208	8004	2	1013	0|20	109#650	2	100	2	0	1
40209	8004	2	52	4|1	109#650	2	100	3	0	1
40210	8004	2	52	12|1	109#650	2	100	3	0	1
40211	8004	2	52	60|1	109#650	2	100	3	0	1
40212	8004	2	52	61|1	109#650	2	100	3	0	1
40213	8004	2	1020	79|50000	109#650	2	100	4	0	1
40214	8004	2	76	4|10	109#650	2	100	4	0	1
40215	8004	2	1040	0|10	109#650	2	100	5	0	1
40216	8004	2	1064	0|10	109#650	2	100	6	60	1
40217	8004	2	1085	0|10	109#650	2	100	6	90	1
40218	8004	2	1082	10032|10	109#650	2	100	6	90	1
40219	8004	2	1067	0|10	109#650	2	100	6	90	1
40220	8004	2	1084	0|50	109#650	2	100	7	70	1
40221	8004	2	1082	10030|10	109#650	2	100	7	70	1
40222	8004	2	1057	0|20	109#650	2	100	7	40	1
40223	8004	2	1059	31|5	109#650	2	100	7	40	1
40224	8004	2	1059	43|5	109#650	2	100	7	40	1
40225	8004	2	52	8|10	109#650	2	100	7	40	1
40226	8004	2	75	5|10	109#650	2	100	8	0	1
40227	8004	2	75	4|10	109#650	2	100	8	0	1
40228	8004	2	75	1|10	109#650	2	100	8	0	1
40229	8004	2	1088	0|20	109#650	2	100	9	0	1
40230	8004	2	1089	0|20	109#650	2	100	9	70	1
40231	8004	2	1090	0|20	109#650	2	100	9	80	1
40232	8004	2	1047	0|15	109#650	2	100	10	0	1
40233	8004	2	1048	0|5	109#650	2	100	10	0	1
40234	8004	2	1042	1|5	109#650	2	100	10	0	1
40235	8004	2	1007	0|20	109#650	2	100	10	0	1
40236	8004	2	1086	0|20	109#650	2	100	11	55	1
40237	8004	2	1082	10033|10	109#650	2	100	11	55	1
40238	8004	2	80	0|10	109#650	2	100	12	0	1
40239	8004	2	127	0|10	109#650	2	100	12	0	1
40301	8004	3	1022	0|100	109#2500	1	0	0	0	1
40302	8004	3	116	0|40	109#2500	1	0	0	0	1
40303	8004	3	1012	0|500	109#2500	1	0	0	0	1
40304	8004	3	47	5|20	109#2500	1	100	0	0	1
40305	8004	3	1017	5|1	109#2500	1	100	0	0	1
40306	8004	3	1020	79|200000	109#2500	1	100	0	0	1
40307	8004	3	75	1|200	109#2500	1	100	0	0	1
40308	8004	3	52	4|10	109#2500	1	100	0	0	1
40309	8004	3	1084	0|200	109#2500	1	100	0	0	1
40310	8004	3	1082	10032|30	109#2500	1	100	0	0	1
50101	8005	1	1022	0|2	110#100	1	0	0	0	1
50102	8005	1	116	0|1	110#100	1	0	0	0	1
50103	8005	1	1012	0|2	110#100	1	0	0	0	1
50104	8005	1	47	4|1	110#100	2	100	1	0	1
50105	8005	1	22	0|1	110#100	2	100	1	0	1
50106	8005	1	1017	2|1	110#100	2	100	1	0	1
50107	8005	1	100	0|1	110#100	2	100	2	0	1
50108	8005	1	1013	0|1	110#100	2	100	2	0	1
50109	8005	1	52	59|1	110#100	2	100	3	0	1
50110	8005	1	52	2|3	110#100	2	100	3	0	1
50111	8005	1	1019	63|1	110#100	2	100	3	0	1
50112	8005	1	1020	79|10000	110#100	2	100	4	0	1
50113	8005	1	77	0|5	110#100	2	100	4	0	1
50114	8005	1	1040	0|1	110#100	2	100	5	0	1
50115	8005	1	1084	0|1	110#100	2	100	6	70	1
50116	8005	1	1082	10030|2	110#100	2	100	6	70	1
50117	8005	1	1064	0|1	110#100	2	100	6	60	1
50118	8005	1	1085	0|2	110#100	2	100	6	90	1
50119	8005	1	1082	10032|1	110#100	2	100	6	90	1
50120	8005	1	1067	0|1	110#100	2	100	6	90	1
50121	8005	1	75	5|1	110#100	2	100	7	0	1
50122	8005	1	75	4|1	110#100	2	100	7	0	1
50123	8005	1	75	1|1	110#100	2	100	7	0	1
50124	8005	1	1088	0|1	110#100	2	100	8	0	1
50125	8005	1	1089	0|1	110#100	2	100	8	70	1
50126	8005	1	1090	0|1	110#100	2	100	8	80	1
50127	8005	1	1047	0|1	110#100	2	100	9	0	1
50128	8005	1	1048	0|1	110#100	2	100	9	0	1
50129	8005	1	1042	1|1	110#100	2	100	10	0	1
50130	8005	1	1007	0|1	110#100	2	100	10	0	1
50201	8005	2	1022	0|20	110#500	1	0	0	0	1
50202	8005	2	116	0|10	110#500	1	0	0	0	1
50203	8005	2	1012	0|120	110#500	1	0	0	0	1
50204	8005	2	47	5|5	110#650	2	100	1	0	1
50205	8005	2	1017	3|2	110#650	2	100	1	0	1
50206	8005	2	22	0|20	110#650	2	100	1	0	1
50207	8005	2	100	0|20	110#650	2	100	2	0	1
50208	8005	2	1013	0|20	110#650	2	100	2	0	1
50209	8005	2	52	4|1	110#650	2	100	3	0	1
50210	8005	2	52	12|1	110#650	2	100	3	0	1
50211	8005	2	52	60|1	110#650	2	100	3	0	1
50212	8005	2	52	61|1	110#650	2	100	3	0	1
50213	8005	2	1020	79|50000	110#650	2	100	4	0	1
50214	8005	2	76	4|10	110#650	2	100	4	0	1
50215	8005	2	1040	0|10	110#650	2	100	5	0	1
50216	8005	2	1064	0|10	110#650	2	100	6	60	1
50217	8005	2	1085	0|10	110#650	2	100	6	90	1
50218	8005	2	1082	10032|10	110#650	2	100	6	90	1
50219	8005	2	1067	0|10	110#650	2	100	6	90	1
50220	8005	2	1084	0|50	110#650	2	100	7	70	1
50221	8005	2	1082	10030|10	110#650	2	100	7	70	1
50222	8005	2	1057	0|20	110#650	2	100	7	40	1
50223	8005	2	1059	31|5	110#650	2	100	7	40	1
50224	8005	2	1059	43|5	110#650	2	100	7	40	1
50225	8005	2	52	8|10	110#650	2	100	7	40	1
50226	8005	2	75	5|10	110#650	2	100	8	0	1
50227	8005	2	75	4|10	110#650	2	100	8	0	1
50228	8005	2	75	1|10	110#650	2	100	8	0	1
50229	8005	2	1088	0|20	110#650	2	100	9	0	1
50230	8005	2	1089	0|20	110#650	2	100	9	70	1
50231	8005	2	1090	0|20	110#650	2	100	9	80	1
50232	8005	2	1047	0|15	110#650	2	100	10	0	1
50233	8005	2	1048	0|5	110#650	2	100	10	0	1
50234	8005	2	1042	1|5	110#650	2	100	10	0	1
50235	8005	2	1007	0|20	110#650	2	100	10	0	1
50236	8005	2	1086	0|20	110#650	2	100	11	55	1
50237	8005	2	1082	10033|10	110#650	2	100	11	55	1
50238	8005	2	80	0|10	110#650	2	100	12	0	1
50239	8005	2	127	0|10	110#650	2	100	12	0	1
50301	8005	3	1022	0|100	110#2500	1	0	0	0	1
50302	8005	3	1064	0|40	110#2500	1	0	0	0	1
50303	8005	3	1057	0|400	110#2500	1	0	0	0	1
50304	8005	3	1013	0|100	110#2500	1	100	0	0	1
50305	8005	3	22	0|100	110#2500	1	100	0	0	1
50306	8005	3	76	4|20	110#2500	1	100	0	0	1
50307	8005	3	75	5|50	110#2500	1	100	0	0	1
50308	8005	3	20	0|300	110#2500	1	100	0	0	1
50309	8005	3	1007	0|200	110#2500	1	100	0	0	1
50310	8005	3	28	0|600	110#2500	1	100	0	0	1
60101	8006	1	1022	0|2	111#100	1	0	0	0	1
60102	8006	1	116	0|1	111#100	1	0	0	0	1
60103	8006	1	1012	0|2	111#100	1	0	0	0	1
60104	8006	1	47	4|1	111#100	2	100	1	0	1
60105	8006	1	22	0|1	111#100	2	100	1	0	1
60106	8006	1	1017	2|1	111#100	2	100	1	0	1
60107	8006	1	100	0|1	111#100	2	100	2	0	1
60108	8006	1	1013	0|1	111#100	2	100	2	0	1
60109	8006	1	52	59|1	111#100	2	100	3	0	1
60110	8006	1	52	2|3	111#100	2	100	3	0	1
60111	8006	1	1019	63|1	111#100	2	100	3	0	1
60112	8006	1	1020	79|10000	111#100	2	100	4	0	1
60113	8006	1	77	0|5	111#100	2	100	4	0	1
60114	8006	1	1040	0|1	111#100	2	100	5	0	1
60115	8006	1	1084	0|1	111#100	2	100	6	70	1
60116	8006	1	1082	10030|2	111#100	2	100	6	70	1
60117	8006	1	1064	0|1	111#100	2	100	6	60	1
60118	8006	1	1085	0|2	111#100	2	100	6	90	1
60119	8006	1	1082	10032|1	111#100	2	100	6	90	1
60120	8006	1	1067	0|1	111#100	2	100	6	90	1
60121	8006	1	75	5|1	111#100	2	100	7	0	1
60122	8006	1	75	4|1	111#100	2	100	7	0	1
60123	8006	1	75	1|1	111#100	2	100	7	0	1
60124	8006	1	1088	0|1	111#100	2	100	8	0	1
60125	8006	1	1089	0|1	111#100	2	100	8	70	1
60126	8006	1	1090	0|1	111#100	2	100	8	80	1
60127	8006	1	1047	0|1	111#100	2	100	9	0	1
60128	8006	1	1048	0|1	111#100	2	100	9	0	1
60129	8006	1	1042	1|1	111#100	2	100	10	0	1
60130	8006	1	1007	0|1	111#100	2	100	10	0	1
60201	8006	2	1022	0|20	111#500	1	0	0	0	1
60202	8006	2	116	0|10	111#500	1	0	0	0	1
60203	8006	2	1012	0|120	111#500	1	0	0	0	1
60204	8006	2	47	5|5	111#650	2	100	1	0	1
60205	8006	2	1017	3|2	111#650	2	100	1	0	1
60206	8006	2	22	0|20	111#650	2	100	1	0	1
60207	8006	2	100	0|20	111#650	2	100	2	0	1
60208	8006	2	1013	0|20	111#650	2	100	2	0	1
60209	8006	2	52	4|1	111#650	2	100	3	0	1
60210	8006	2	52	12|1	111#650	2	100	3	0	1
60211	8006	2	52	60|1	111#650	2	100	3	0	1
60212	8006	2	52	61|1	111#650	2	100	3	0	1
60213	8006	2	1020	79|50000	111#650	2	100	4	0	1
60214	8006	2	76	4|10	111#650	2	100	4	0	1
60215	8006	2	1040	0|10	111#650	2	100	5	0	1
60216	8006	2	1064	0|10	111#650	2	100	6	60	1
60217	8006	2	1085	0|10	111#650	2	100	6	90	1
60218	8006	2	1082	10032|10	111#650	2	100	6	90	1
60219	8006	2	1067	0|10	111#650	2	100	6	90	1
60220	8006	2	1084	0|50	111#650	2	100	7	70	1
60221	8006	2	1082	10030|10	111#650	2	100	7	70	1
60222	8006	2	1057	0|20	111#650	2	100	7	40	1
60223	8006	2	1059	31|5	111#650	2	100	7	40	1
60224	8006	2	1059	43|5	111#650	2	100	7	40	1
60225	8006	2	52	8|10	111#650	2	100	7	40	1
60226	8006	2	75	5|10	111#650	2	100	8	0	1
60227	8006	2	75	4|10	111#650	2	100	8	0	1
60228	8006	2	75	1|10	111#650	2	100	8	0	1
60229	8006	2	1088	0|20	111#650	2	100	9	0	1
60230	8006	2	1089	0|20	111#650	2	100	9	70	1
60231	8006	2	1090	0|20	111#650	2	100	9	80	1
60232	8006	2	1047	0|15	111#650	2	100	10	0	1
60233	8006	2	1048	0|5	111#650	2	100	10	0	1
60234	8006	2	1042	1|5	111#650	2	100	10	0	1
60235	8006	2	1007	0|20	111#650	2	100	10	0	1
60236	8006	2	1086	0|20	111#650	2	100	11	55	1
60237	8006	2	1082	10033|10	111#650	2	100	11	55	1
60238	8006	2	80	0|10	111#650	2	100	12	0	1
60239	8006	2	127	0|10	111#650	2	100	12	0	1
60301	8006	3	1022	0|100	111#2500	1	0	0	0	1
60302	8006	3	1086	0|60	111#2500	1	0	0	0	1
60303	8006	3	1047	0|60	111#2500	1	0	0	0	1
60304	8006	3	100	0|100	111#2500	1	100	0	0	1
60305	8006	3	1017	5|1	111#2500	1	100	0	0	1
60306	8006	3	1067	0|100	111#2500	1	100	0	0	1
60307	8006	3	75	1|50	111#2500	1	100	0	0	1
60308	8006	3	52	60|10	111#2500	1	100	0	0	1
60309	8006	3	1042	1|20	111#2500	1	100	0	0	1
60310	8006	3	80	0|30	111#2500	1	100	0	0	1
70101	8007	1	1022	0|2	112#100	1	0	0	0	1
70102	8007	1	116	0|1	112#100	1	0	0	0	1
70103	8007	1	1012	0|2	112#100	1	0	0	0	1
70104	8007	1	47	4|1	112#100	2	100	1	0	1
70105	8007	1	22	0|1	112#100	2	100	1	0	1
70106	8007	1	1017	2|1	112#100	2	100	1	0	1
70107	8007	1	100	0|1	112#100	2	100	2	0	1
70108	8007	1	1013	0|1	112#100	2	100	2	0	1
70109	8007	1	52	59|1	112#100	2	100	3	0	1
70110	8007	1	52	2|3	112#100	2	100	3	0	1
70111	8007	1	1019	63|1	112#100	2	100	3	0	1
70112	8007	1	1020	79|10000	112#100	2	100	4	0	1
70113	8007	1	77	0|5	112#100	2	100	4	0	1
70114	8007	1	1040	0|1	112#100	2	100	5	0	1
70115	8007	1	1084	0|1	112#100	2	100	6	70	1
70116	8007	1	1082	10030|2	112#100	2	100	6	70	1
70117	8007	1	1064	0|1	112#100	2	100	6	60	1
70118	8007	1	1085	0|2	112#100	2	100	6	90	1
70119	8007	1	1082	10032|1	112#100	2	100	6	90	1
70120	8007	1	1067	0|1	112#100	2	100	6	90	1
70121	8007	1	75	5|1	112#100	2	100	7	0	1
70122	8007	1	75	4|1	112#100	2	100	7	0	1
70123	8007	1	75	1|1	112#100	2	100	7	0	1
70124	8007	1	1088	0|1	112#100	2	100	8	0	1
70125	8007	1	1089	0|1	112#100	2	100	8	70	1
70126	8007	1	1090	0|1	112#100	2	100	8	80	1
70127	8007	1	1047	0|1	112#100	2	100	9	0	1
70128	8007	1	1048	0|1	112#100	2	100	9	0	1
70129	8007	1	1042	1|1	112#100	2	100	10	0	1
70130	8007	1	1007	0|1	112#100	2	100	10	0	1
70201	8007	2	1022	0|20	112#500	1	0	0	0	1
70202	8007	2	116	0|10	112#500	1	0	0	0	1
70203	8007	2	1012	0|120	112#500	1	0	0	0	1
70204	8007	2	47	5|5	112#650	2	100	1	0	1
70205	8007	2	1017	3|2	112#650	2	100	1	0	1
70206	8007	2	22	0|20	112#650	2	100	1	0	1
70207	8007	2	100	0|20	112#650	2	100	2	0	1
70208	8007	2	1013	0|20	112#650	2	100	2	0	1
70209	8007	2	52	4|1	112#650	2	100	3	0	1
70210	8007	2	52	12|1	112#650	2	100	3	0	1
70211	8007	2	52	60|1	112#650	2	100	3	0	1
70212	8007	2	52	61|1	112#650	2	100	3	0	1
70213	8007	2	1020	79|50000	112#650	2	100	4	0	1
70214	8007	2	76	4|10	112#650	2	100	4	0	1
70215	8007	2	1040	0|10	112#650	2	100	5	0	1
70216	8007	2	1064	0|10	112#650	2	100	6	60	1
70217	8007	2	1085	0|10	112#650	2	100	6	90	1
70218	8007	2	1082	10032|10	112#650	2	100	6	90	1
70219	8007	2	1067	0|10	112#650	2	100	6	90	1
70220	8007	2	1084	0|50	112#650	2	100	7	70	1
70221	8007	2	1082	10030|10	112#650	2	100	7	70	1
70222	8007	2	1057	0|20	112#650	2	100	7	40	1
70223	8007	2	1059	31|5	112#650	2	100	7	40	1
70224	8007	2	1059	43|5	112#650	2	100	7	40	1
70225	8007	2	52	8|10	112#650	2	100	7	40	1
70226	8007	2	75	5|10	112#650	2	100	8	0	1
70227	8007	2	75	4|10	112#650	2	100	8	0	1
70228	8007	2	75	1|10	112#650	2	100	8	0	1
70229	8007	2	1088	0|20	112#650	2	100	9	0	1
70230	8007	2	1089	0|20	112#650	2	100	9	70	1
70231	8007	2	1090	0|20	112#650	2	100	9	80	1
70232	8007	2	1047	0|15	112#650	2	100	10	0	1
70233	8007	2	1048	0|5	112#650	2	100	10	0	1
70234	8007	2	1042	1|5	112#650	2	100	10	0	1
70235	8007	2	1007	0|20	112#650	2	100	10	0	1
70236	8007	2	1086	0|20	112#650	2	100	11	55	1
70237	8007	2	1082	10033|10	112#650	2	100	11	55	1
70238	8007	2	80	0|10	112#650	2	100	12	0	1
70239	8007	2	127	0|10	112#650	2	100	12	0	1
70301	8007	3	1022	0|100	112#2500	1	0	0	0	1
70302	8007	3	116	0|40	112#2500	1	0	0	0	1
70303	8007	3	1012	0|500	112#2500	1	0	0	0	1
70304	8007	3	47	5|20	112#2500	1	100	0	0	1
70305	8007	3	22	0|100	112#2500	1	100	0	0	1
70306	8007	3	1020	79|200000	112#2500	1	100	0	0	1
70307	8007	3	75	1|200	112#2500	1	100	0	0	1
70308	8007	3	52	12|10	112#2500	1	100	0	0	1
70309	8007	3	1082	10030|30	112#2500	1	100	0	0	1
70310	8007	3	1085	0|40	112#2500	1	100	0	0	1
80101	8008	1	1022	0|2	113#100	1	0	0	0	1
80102	8008	1	116	0|1	113#100	1	0	0	0	1
80103	8008	1	1012	0|2	113#100	1	0	0	0	1
80104	8008	1	47	4|1	113#100	2	100	1	0	1
80105	8008	1	22	0|1	113#100	2	100	1	0	1
80106	8008	1	1017	2|1	113#100	2	100	1	0	1
80107	8008	1	100	0|1	113#100	2	100	2	0	1
80108	8008	1	1013	0|1	113#100	2	100	2	0	1
80109	8008	1	52	59|1	113#100	2	100	3	0	1
80110	8008	1	52	2|3	113#100	2	100	3	0	1
80111	8008	1	1019	63|1	113#100	2	100	3	0	1
80112	8008	1	1020	79|10000	113#100	2	100	4	0	1
80113	8008	1	77	0|5	113#100	2	100	4	0	1
80114	8008	1	1040	0|1	113#100	2	100	5	0	1
80115	8008	1	1084	0|1	113#100	2	100	6	70	1
80116	8008	1	1082	10030|2	113#100	2	100	6	70	1
80117	8008	1	1064	0|1	113#100	2	100	6	60	1
80118	8008	1	1085	0|2	113#100	2	100	6	90	1
80119	8008	1	1082	10032|1	113#100	2	100	6	90	1
80120	8008	1	1067	0|1	113#100	2	100	6	90	1
80121	8008	1	75	5|1	113#100	2	100	7	0	1
80122	8008	1	75	4|1	113#100	2	100	7	0	1
80123	8008	1	75	1|1	113#100	2	100	7	0	1
80124	8008	1	1088	0|1	113#100	2	100	8	0	1
80125	8008	1	1089	0|1	113#100	2	100	8	70	1
80126	8008	1	1090	0|1	113#100	2	100	8	80	1
80127	8008	1	1047	0|1	113#100	2	100	9	0	1
80128	8008	1	1048	0|1	113#100	2	100	9	0	1
80129	8008	1	1042	1|1	113#100	2	100	10	0	1
80130	8008	1	1007	0|1	113#100	2	100	10	0	1
80201	8008	2	1022	0|20	113#500	1	0	0	0	1
80202	8008	2	116	0|10	113#500	1	0	0	0	1
80203	8008	2	1012	0|120	113#500	1	0	0	0	1
80204	8008	2	47	5|5	113#650	2	100	1	0	1
80205	8008	2	1017	3|2	113#650	2	100	1	0	1
80206	8008	2	22	0|20	113#650	2	100	1	0	1
80207	8008	2	100	0|20	113#650	2	100	2	0	1
80208	8008	2	1013	0|20	113#650	2	100	2	0	1
80209	8008	2	52	4|1	113#650	2	100	3	0	1
80210	8008	2	52	12|1	113#650	2	100	3	0	1
80211	8008	2	52	60|1	113#650	2	100	3	0	1
80212	8008	2	52	61|1	113#650	2	100	3	0	1
80213	8008	2	1020	79|50000	113#650	2	100	4	0	1
80214	8008	2	76	4|10	113#650	2	100	4	0	1
80215	8008	2	1040	0|10	113#650	2	100	5	0	1
80216	8008	2	1064	0|10	113#650	2	100	6	60	1
80217	8008	2	1085	0|10	113#650	2	100	6	90	1
80218	8008	2	1082	10032|10	113#650	2	100	6	90	1
80219	8008	2	1067	0|10	113#650	2	100	6	90	1
80220	8008	2	1084	0|50	113#650	2	100	7	70	1
80221	8008	2	1082	10030|10	113#650	2	100	7	70	1
80222	8008	2	1057	0|20	113#650	2	100	7	40	1
80223	8008	2	1059	31|5	113#650	2	100	7	40	1
80224	8008	2	1059	43|5	113#650	2	100	7	40	1
80225	8008	2	52	8|10	113#650	2	100	7	40	1
80226	8008	2	75	5|10	113#650	2	100	8	0	1
80227	8008	2	75	4|10	113#650	2	100	8	0	1
80228	8008	2	75	1|10	113#650	2	100	8	0	1
80229	8008	2	1088	0|20	113#650	2	100	9	0	1
80230	8008	2	1089	0|20	113#650	2	100	9	70	1
80231	8008	2	1090	0|20	113#650	2	100	9	80	1
80232	8008	2	1047	0|15	113#650	2	100	10	0	1
80233	8008	2	1048	0|5	113#650	2	100	10	0	1
80234	8008	2	1042	1|5	113#650	2	100	10	0	1
80235	8008	2	1007	0|20	113#650	2	100	10	0	1
80236	8008	2	1086	0|20	113#650	2	100	11	55	1
80237	8008	2	1082	10033|10	113#650	2	100	11	55	1
80238	8008	2	80	0|10	113#650	2	100	12	0	1
80239	8008	2	127	0|10	113#650	2	100	12	0	1
80301	8008	3	1022	0|100	113#2500	1	0	0	0	1
80302	8008	3	1064	0|40	113#2500	1	0	0	0	1
80303	8008	3	1057	0|400	113#2500	1	0	0	0	1
80304	8008	3	1013	0|100	113#2500	1	100	0	0	1
80305	8008	3	1017	5|1	113#2500	1	100	0	0	1
80306	8008	3	76	4|20	113#2500	1	100	0	0	1
80307	8008	3	75	5|50	113#2500	1	100	0	0	1
80308	8008	3	52	4|10	113#2500	1	100	0	0	1
80309	8008	3	1084	0|200	113#2500	1	100	0	0	1
80310	8008	3	1082	10032|30	113#2500	1	100	0	0	1
90101	8009	1	1022	0|2	114#100	1	0	0	0	1
90102	8009	1	116	0|1	114#100	1	0	0	0	1
90103	8009	1	1012	0|2	114#100	1	0	0	0	1
90104	8009	1	47	4|1	114#100	2	100	1	0	1
90105	8009	1	22	0|1	114#100	2	100	1	0	1
90106	8009	1	1017	2|1	114#100	2	100	1	0	1
90107	8009	1	100	0|1	114#100	2	100	2	0	1
90108	8009	1	1013	0|1	114#100	2	100	2	0	1
90109	8009	1	52	59|1	114#100	2	100	3	0	1
90110	8009	1	52	2|3	114#100	2	100	3	0	1
90111	8009	1	1019	63|1	114#100	2	100	3	0	1
90112	8009	1	1020	79|10000	114#100	2	100	4	0	1
90113	8009	1	77	0|5	114#100	2	100	4	0	1
90114	8009	1	1040	0|1	114#100	2	100	5	0	1
90115	8009	1	1084	0|1	114#100	2	100	6	70	1
90116	8009	1	1082	10030|2	114#100	2	100	6	70	1
90117	8009	1	1064	0|1	114#100	2	100	6	60	1
90118	8009	1	1085	0|2	114#100	2	100	6	90	1
90119	8009	1	1082	10032|1	114#100	2	100	6	90	1
90120	8009	1	1067	0|1	114#100	2	100	6	90	1
90121	8009	1	75	5|1	114#100	2	100	7	0	1
90122	8009	1	75	4|1	114#100	2	100	7	0	1
90123	8009	1	75	1|1	114#100	2	100	7	0	1
90124	8009	1	1088	0|1	114#100	2	100	8	0	1
90125	8009	1	1089	0|1	114#100	2	100	8	70	1
90126	8009	1	1090	0|1	114#100	2	100	8	80	1
90127	8009	1	1047	0|1	114#100	2	100	9	0	1
90128	8009	1	1048	0|1	114#100	2	100	9	0	1
90129	8009	1	1042	1|1	114#100	2	100	10	0	1
90130	8009	1	1007	0|1	114#100	2	100	10	0	1
90201	8009	2	1022	0|20	114#500	1	0	0	0	1
90202	8009	2	116	0|10	114#500	1	0	0	0	1
90203	8009	2	1012	0|120	114#500	1	0	0	0	1
90204	8009	2	47	5|5	114#650	2	100	1	0	1
90205	8009	2	1017	3|2	114#650	2	100	1	0	1
90206	8009	2	22	0|20	114#650	2	100	1	0	1
90207	8009	2	100	0|20	114#650	2	100	2	0	1
90208	8009	2	1013	0|20	114#650	2	100	2	0	1
90209	8009	2	52	4|1	114#650	2	100	3	0	1
90210	8009	2	52	12|1	114#650	2	100	3	0	1
90211	8009	2	52	60|1	114#650	2	100	3	0	1
90212	8009	2	52	61|1	114#650	2	100	3	0	1
90213	8009	2	1020	79|50000	114#650	2	100	4	0	1
90214	8009	2	76	4|10	114#650	2	100	4	0	1
90215	8009	2	1040	0|10	114#650	2	100	5	0	1
90216	8009	2	1064	0|10	114#650	2	100	6	60	1
90217	8009	2	1085	0|10	114#650	2	100	6	90	1
90218	8009	2	1082	10032|10	114#650	2	100	6	90	1
90219	8009	2	1067	0|10	114#650	2	100	6	90	1
90220	8009	2	1084	0|50	114#650	2	100	7	70	1
90221	8009	2	1082	10030|10	114#650	2	100	7	70	1
90222	8009	2	1057	0|20	114#650	2	100	7	40	1
90223	8009	2	1059	31|5	114#650	2	100	7	40	1
90224	8009	2	1059	43|5	114#650	2	100	7	40	1
90225	8009	2	52	8|10	114#650	2	100	7	40	1
90226	8009	2	75	5|10	114#650	2	100	8	0	1
90227	8009	2	75	4|10	114#650	2	100	8	0	1
90228	8009	2	75	1|10	114#650	2	100	8	0	1
90229	8009	2	1088	0|20	114#650	2	100	9	0	1
90230	8009	2	1089	0|20	114#650	2	100	9	70	1
90231	8009	2	1090	0|20	114#650	2	100	9	80	1
90232	8009	2	1047	0|15	114#650	2	100	10	0	1
90233	8009	2	1048	0|5	114#650	2	100	10	0	1
90234	8009	2	1042	1|5	114#650	2	100	10	0	1
90235	8009	2	1007	0|20	114#650	2	100	10	0	1
90236	8009	2	1086	0|20	114#650	2	100	11	55	1
90237	8009	2	1082	10033|10	114#650	2	100	11	55	1
90238	8009	2	80	0|10	114#650	2	100	12	0	1
90239	8009	2	127	0|10	114#650	2	100	12	0	1
90301	8009	3	1022	0|100	114#2500	1	0	0	0	1
90302	8009	3	1086	0|60	114#2500	1	0	0	0	1
90303	8009	3	1047	0|60	114#2500	1	0	0	0	1
90304	8009	3	100	0|100	114#2500	1	100	0	0	1
90305	8009	3	22	0|100	114#2500	1	100	0	0	1
90306	8009	3	1067	0|100	114#2500	1	100	0	0	1
90307	8009	3	75	1|50	114#2500	1	100	0	0	1
90308	8009	3	20	0|300	114#2500	1	100	0	0	1
90309	8009	3	1007	0|200	114#2500	1	100	0	0	1
90310	8009	3	28	0|600	114#2500	1	100	0	0	1
100101	8010	1	1022	0|2	115#100	1	0	0	0	1
100102	8010	1	116	0|1	115#100	1	0	0	0	1
100103	8010	1	1012	0|2	115#100	1	0	0	0	1
100104	8010	1	47	4|1	115#100	2	100	1	0	1
100105	8010	1	22	0|1	115#100	2	100	1	0	1
100106	8010	1	1017	2|1	115#100	2	100	1	0	1
100107	8010	1	100	0|1	115#100	2	100	2	0	1
100108	8010	1	1013	0|1	115#100	2	100	2	0	1
100109	8010	1	52	59|1	115#100	2	100	3	0	1
100110	8010	1	52	2|3	115#100	2	100	3	0	1
100111	8010	1	1019	63|1	115#100	2	100	3	0	1
100112	8010	1	1020	79|10000	115#100	2	100	4	0	1
100113	8010	1	77	0|5	115#100	2	100	4	0	1
100114	8010	1	1040	0|1	115#100	2	100	5	0	1
100115	8010	1	1084	0|1	115#100	2	100	6	70	1
100116	8010	1	1082	10030|2	115#100	2	100	6	70	1
100117	8010	1	1064	0|1	115#100	2	100	6	60	1
100118	8010	1	1085	0|2	115#100	2	100	6	90	1
100119	8010	1	1082	10032|1	115#100	2	100	6	90	1
100120	8010	1	1067	0|1	115#100	2	100	6	90	1
100121	8010	1	75	5|1	115#100	2	100	7	0	1
100122	8010	1	75	4|1	115#100	2	100	7	0	1
100123	8010	1	75	1|1	115#100	2	100	7	0	1
100124	8010	1	1088	0|1	115#100	2	100	8	0	1
100125	8010	1	1089	0|1	115#100	2	100	8	70	1
100126	8010	1	1090	0|1	115#100	2	100	8	80	1
100127	8010	1	1047	0|1	115#100	2	100	9	0	1
100128	8010	1	1048	0|1	115#100	2	100	9	0	1
100129	8010	1	1042	1|1	115#100	2	100	10	0	1
100130	8010	1	1007	0|1	115#100	2	100	10	0	1
100201	8010	2	1022	0|20	115#500	1	0	0	0	1
100202	8010	2	116	0|10	115#500	1	0	0	0	1
100203	8010	2	1012	0|120	115#500	1	0	0	0	1
100204	8010	2	47	5|5	115#650	2	100	1	0	1
100205	8010	2	1017	3|2	115#650	2	100	1	0	1
100206	8010	2	22	0|20	115#650	2	100	1	0	1
100207	8010	2	100	0|20	115#650	2	100	2	0	1
100208	8010	2	1013	0|20	115#650	2	100	2	0	1
100209	8010	2	52	4|1	115#650	2	100	3	0	1
100210	8010	2	52	12|1	115#650	2	100	3	0	1
100211	8010	2	52	60|1	115#650	2	100	3	0	1
100212	8010	2	52	61|1	115#650	2	100	3	0	1
100213	8010	2	1020	79|50000	115#650	2	100	4	0	1
100214	8010	2	76	4|10	115#650	2	100	4	0	1
100215	8010	2	1040	0|10	115#650	2	100	5	0	1
100216	8010	2	1064	0|10	115#650	2	100	6	60	1
100217	8010	2	1085	0|10	115#650	2	100	6	90	1
100218	8010	2	1082	10032|10	115#650	2	100	6	90	1
100219	8010	2	1067	0|10	115#650	2	100	6	90	1
100220	8010	2	1084	0|50	115#650	2	100	7	70	1
100221	8010	2	1082	10030|10	115#650	2	100	7	70	1
100222	8010	2	1057	0|20	115#650	2	100	7	40	1
100223	8010	2	1059	31|5	115#650	2	100	7	40	1
100224	8010	2	1059	43|5	115#650	2	100	7	40	1
100225	8010	2	52	8|10	115#650	2	100	7	40	1
100226	8010	2	75	5|10	115#650	2	100	8	0	1
100227	8010	2	75	4|10	115#650	2	100	8	0	1
100228	8010	2	75	1|10	115#650	2	100	8	0	1
100229	8010	2	1088	0|20	115#650	2	100	9	0	1
100230	8010	2	1089	0|20	115#650	2	100	9	70	1
100231	8010	2	1090	0|20	115#650	2	100	9	80	1
100232	8010	2	1047	0|15	115#650	2	100	10	0	1
100233	8010	2	1048	0|5	115#650	2	100	10	0	1
100234	8010	2	1042	1|5	115#650	2	100	10	0	1
100235	8010	2	1007	0|20	115#650	2	100	10	0	1
100236	8010	2	1086	0|20	115#650	2	100	11	55	1
100237	8010	2	1082	10033|10	115#650	2	100	11	55	1
100238	8010	2	80	0|10	115#650	2	100	12	0	1
100239	8010	2	127	0|10	115#650	2	100	12	0	1
100301	8010	3	1022	0|100	115#2500	1	0	0	0	1
100302	8010	3	116	0|40	115#2500	1	0	0	0	1
100303	8010	3	1012	0|500	115#2500	1	0	0	0	1
100304	8010	3	47	5|20	115#2500	1	100	0	0	1
100305	8010	3	1017	5|1	115#2500	1	100	0	0	1
100306	8010	3	1020	79|200000	115#2500	1	100	0	0	1
100307	8010	3	75	1|200	115#2500	1	100	0	0	1
100308	8010	3	52	60|10	115#2500	1	100	0	0	1
100309	8010	3	1042	1|20	115#2500	1	100	0	0	1
100310	8010	3	80	0|30	115#2500	1	100	0	0	1
